1.1	-0.3	-1.5	1.1	0.3	-1.5	-0	-0.1309	-0.62832	1.2566	-0.62832	0.1309	0	0.1309	-0.62832	1.2566	-0.62832	-0.1309
1.1	-0.3	-1.5	1.1	0.3	-1.5	-0.00041217	-0.12949	-0.6185	1.2349	-0.61958	0.12752	0.00032417	0.12996	-0.61671	1.2311	-0.61763	-0.13183
1.1	-0.3	-1.5	1.1	0.3	-1.5	-0.00041217	-0.12949	-0.6185	1.2349	-0.61958	0.12752	0.00032417	0.12996	-0.61671	1.2311	-0.61763	-0.13183
1.1	-0.3	-1.5	1.1	0.3	-1.5	-0.00041217	-0.12949	-0.6185	1.2349	-0.61958	0.12752	0.00032417	0.12996	-0.61671	1.2311	-0.61763	-0.13183
1.1	-0.3	-1.5	1.1	0.3	-1.5	-0.00022818	-0.1298	-0.61609	1.2307	-0.61623	0.13255	0.00015685	0.12977	-0.6184	1.235	-0.61826	-0.12696
1.1	-0.3	-1.5	1.1	0.3	-1.5	-0.00011423	-0.13008	-0.61342	1.2253	-0.61273	0.13806	5.896e-05	0.12923	-0.62051	1.2393	-0.61951	-0.12124
1.1	-0.3	-1.5	1.1	0.3	-1.5	-4.0732e-06	-0.13044	-0.61087	1.2206	-0.60939	0.14392	-9.3867e-05	0.1291	-0.62239	1.2437	-0.62086	-0.11556
1.1	-0.3	-1.5	1.1	0.3	-1.5	0.00028286	-0.1307	-0.60832	1.2153	-0.60612	0.14967	5.8566e-05	0.12872	-0.62442	1.2477	-0.62244	-0.10978
1.1	-0.3	-1.5	1.1	0.3	-1.5	0.00017008	-0.13092	-0.60558	1.21	-0.60307	0.15518	-0.00015247	0.12823	-0.62669	1.2519	-0.62386	-0.104
1.1	-0.3	-1.5	1.1	0.3	-1.5	0.00019247	-0.13116	-0.60312	1.2046	-0.59988	0.16072	-0.00023534	0.12777	-0.62878	1.256	-0.62559	-0.098177
1.1	-0.3	-1.5	1.1	0.3	-1.5	0.00026293	-0.13141	-0.60046	1.1991	-0.59695	0.16642	-0.00020832	0.12741	-0.63107	1.2599	-0.62704	-0.092371
1.1	-0.3	-1.5	1.1	0.3	-1.5	0.00017113	-0.13167	-0.59808	1.1933	-0.59355	0.17217	-0.00023401	0.12699	-0.63322	1.2637	-0.62888	-0.086499
1.1	-0.3	-1.5	1.1	0.3	-1.5	0.00023921	-0.13193	-0.59549	1.1874	-0.59043	0.17788	-0.00021409	0.12655	-0.63565	1.2674	-0.63025	-0.080644
1.1	-0.3	-1.5	1.1	0.3	-1.5	0.00016149	-0.13202	-0.59317	1.1816	-0.58687	0.18329	-0.00023353	0.12604	-0.63773	1.271	-0.63163	-0.074773
1.1	-0.3	-1.5	1.1	0.3	-1.5	0.00016362	-0.13225	-0.59058	1.1755	-0.58339	0.18886	-0.00018841	0.12553	-0.64009	1.2744	-0.63279	-0.06889
1.1	-0.3	-1.5	1.1	0.3	-1.5	0.0001294	-0.13253	-0.58791	1.1688	-0.57993	0.19459	-0.00011626	0.12497	-0.64256	1.2777	-0.63417	-0.062935
1.1	-0.3	-1.5	1.1	0.3	-1.5	7.8671e-05	-0.13269	-0.58552	1.1626	-0.57634	0.20013	-9.4039e-05	0.12442	-0.64487	1.2809	-0.63535	-0.057007
1.1	-0.3	-1.5	1.1	0.3	-1.5	8.8505e-05	-0.13278	-0.58314	1.1566	-0.57285	0.20561	-9.3796e-05	0.12392	-0.64715	1.284	-0.63634	-0.051108
1.1	-0.3	-1.5	1.1	0.3	-1.5	-8.2234e-05	-0.13313	-0.58064	1.149	-0.56885	0.21124	4.3943e-05	0.12318	-0.64984	1.287	-0.63757	-0.045032
1.1	-0.3	-1.5	1.1	0.3	-1.5	-0.0001236	-0.13328	-0.57815	1.1426	-0.56522	0.21677	8.3611e-05	0.12255	-0.65213	1.2899	-0.63855	-0.039056
1.1	-0.3	-1.5	1.1	0.3	-1.5	-0.00021518	-0.1335	-0.57569	1.1354	-0.56108	0.22233	0.00013971	0.12188	-0.65462	1.2926	-0.63936	-0.033053
1.1	-0.3	-1.5	1.1	0.3	-1.5	-0.00029333	-0.13363	-0.5733	1.1284	-0.55703	0.22773	0.00020688	0.12118	-0.6571	1.2951	-0.63997	-0.027068
1.1	-0.3	-1.5	1.1	0.3	-1.5	-0.00036319	-0.13376	-0.57098	1.1219	-0.55314	0.23319	0.00024588	0.12055	-0.65931	1.2976	-0.64049	-0.021123
1.1	-0.3	-1.5	1.1	0.3	-1.5	-0.00029585	-0.13999	-0.56892	1.1159	-0.54914	0.24002	0.00026622	0.11364	-0.66088	1.2982	-0.63942	-0.013624
1.1	-0.3	-1.5	1.1	0.3	-1.5	-0.0003622	-0.1472	-0.5671	1.11	-0.54503	0.24722	0.00021172	0.10578	-0.66184	1.2983	-0.63864	-0.0057614
1.1	-0.3	-1.5	1.1	0.3	-1.5	-0.00044635	-0.15429	-0.56536	1.1038	-0.54126	0.25429	0.00024833	0.097856	-0.66319	1.2984	-0.63801	0.0021481
1.1	-0.3	-1.5	1.1	0.3	-1.5	-0.00057104	-0.16143	-0.56338	1.0972	-0.53759	0.26138	0.00038466	0.089883	-0.66459	1.2983	-0.63736	0.010093
1.1	-0.3	-1.5	1.1	0.3	-1.5	-0.00058994	-0.16871	-0.56165	1.0918	-0.53392	0.26868	0.00037817	0.082032	-0.66554	1.2981	-0.63629	0.017941
1.1	-0.3	-1.5	1.1	0.3	-1.5	-0.00065244	-0.17556	-0.55982	1.0856	-0.53015	0.2754	0.0004368	0.074158	-0.66675	1.2977	-0.63527	0.025791
1.1	-0.3	-1.5	1.1	0.3	-1.5	-0.00086561	-0.18297	-0.55799	1.0786	-0.52633	0.28286	0.00056065	0.066022	-0.6681	1.2972	-0.63475	0.033862
1.1	-0.3	-1.5	1.1	0.3	-1.5	-0.00094723	-0.19011	-0.55615	1.0719	-0.52201	0.28996	0.00057563	0.058137	-0.66924	1.2965	-0.63339	0.041716
1.1	-0.3	-1.5	1.1	0.3	-1.5	-0.0010849	-0.19706	-0.55433	1.0653	-0.51795	0.29684	0.00061288	0.050181	-0.67025	1.2956	-0.63232	0.04962
1.1	-0.3	-1.5	1.1	0.3	-1.5	-0.0012038	-0.20393	-0.55226	1.058	-0.51373	0.30372	0.00071075	0.042256	-0.67141	1.2946	-0.63094	0.057482
1.1	-0.3	-1.5	1.1	0.3	-1.5	-0.0014221	-0.21111	-0.55009	1.05	-0.50918	0.31075	0.00083307	0.034176	-0.67266	1.2933	-0.62971	0.065458
1.1	-0.3	-1.5	1.1	0.3	-1.5	-0.0015978	-0.21839	-0.54797	1.0426	-0.5049	0.31794	0.00085669	0.026055	-0.67345	1.292	-0.62863	0.073477
1.1	-0.3	-1.5	1.1	0.3	-1.5	-0.0017268	-0.22523	-0.54572	1.0351	-0.50039	0.32467	0.00096007	0.018214	-0.67441	1.2904	-0.62679	0.081246
1.1	-0.3	-1.5	1.1	0.3	-1.5	-0.0019894	-0.23241	-0.54349	1.0265	-0.49568	0.33172	0.0010457	0.0099922	-0.67547	1.2887	-0.62557	0.089294
1.1	-0.3	-1.5	1.1	0.3	-1.5	-0.0021535	-0.23927	-0.54121	1.0188	-0.49109	0.33849	0.0011094	0.0020813	-0.67615	1.2869	-0.62376	0.097109
1.1	-0.3	-1.5	1.1	0.3	-1.5	-0.002371	-0.24635	-0.5388	1.0098	-0.48584	0.34538	0.0011465	-0.0060068	-0.67714	1.2848	-0.62198	0.10502
1.1	-0.3	-1.5	1.1	0.3	-1.5	-0.0026113	-0.25341	-0.53647	1.0011	-0.48074	0.35226	0.0011876	-0.014109	-0.67796	1.2825	-0.62016	0.11294
1.1	-0.3	-1.5	1.1	0.3	-1.5	-0.0028554	-0.26034	-0.53396	0.99212	-0.47557	0.359	0.0012566	-0.022179	-0.67874	1.2801	-0.61821	0.12081
1.1	-0.3	-1.5	1.1	0.3	-1.5	-0.0028554	-0.26034	-0.53396	0.99212	-0.47557	0.359	0.0012566	-0.022179	-0.67874	1.2801	-0.61821	0.12081
1.1	-0.3	-1.5	1.1	0.3	-1.5	-0.0019539	-0.26575	-0.53947	1.0073	-0.47766	0.36536	0.00035858	-0.025161	-0.66601	1.2641	-0.6075	0.12476
1.1	-0.3	-1.5	1.1	0.3	-1.5	-0.0016218	-0.27071	-0.54648	1.0216	-0.48169	0.37055	-4.6986e-05	-0.027949	-0.65497	1.2476	-0.59893	0.12779
1.1	-0.3	-1.5	1.1	0.3	-1.5	-0.00082905	-0.27557	-0.55379	1.035	-0.48544	0.37555	0.00017467	-0.030328	-0.64426	1.2313	-0.59108	0.13029
1.1	-0.3	-1.5	1.1	0.3	-1.5	-0.0011613	-0.27817	-0.55724	1.0392	-0.48503	0.37807	-0.00045826	-0.029945	-0.63951	1.2261	-0.58979	0.12994
1.1	-0.3	-1.5	1.1	0.3	-1.5	0.00096122	-0.28414	-0.56796	1.0596	-0.49193	0.38418	0.0010193	-0.034358	-0.62379	1.1998	-0.57623	0.1344
1.1	-0.3	-1.5	1.1	0.3	-1.5	0.0002803	-0.28833	-0.57458	1.0709	-0.49563	0.3883	9.1016e-05	-0.036382	-0.61537	1.1858	-0.56963	0.13642
1.1	-0.3	-1.5	1.1	0.3	-1.5	-0.00061975	-0.29248	-0.58171	1.0823	-0.49869	0.39246	-0.0011645	-0.038328	-0.60646	1.1717	-0.56352	0.13836
1.1	-0.3	-1.5	1.1	0.3	-1.5	-0.00027689	-0.29637	-0.5884	1.0928	-0.50164	0.39637	-0.00095843	-0.040359	-0.59872	1.1596	-0.55824	0.14037
1.1	-0.3	-1.5	1.1	0.3	-1.5	0.00022642	-0.3001	-0.59475	1.1026	-0.50418	0.40009	-0.00069558	-0.041968	-0.59127	1.1481	-0.55323	0.14195
1.1	-0.3	-1.5	1.1	0.3	-1.5	3.8195e-05	-0.30357	-0.60108	1.112	-0.50647	0.40351	-0.0010967	-0.043515	-0.58402	1.1368	-0.54855	0.14347
1.1	-0.3	-1.5	1.1	0.3	-1.5	-0.00012494	-0.30686	-0.6069	1.1207	-0.50875	0.40678	-0.0014009	-0.044995	-0.57756	1.1266	-0.54417	0.14492
1.1	-0.3	-1.5	1.1	0.3	-1.5	0.00026944	-0.30994	-0.61257	1.129	-0.51045	0.40986	-0.0012553	-0.046346	-0.5712	1.1172	-0.54031	0.14623
1.1	-0.3	-1.5	1.1	0.3	-1.5	7.762e-05	-0.31279	-0.61794	1.1366	-0.51202	0.41266	-0.0016796	-0.047544	-0.56535	1.1084	-0.53679	0.14739
1.1	-0.3	-1.5	1.1	0.3	-1.5	-0.00020334	-0.3156	-0.62319	1.1437	-0.51326	0.41539	-0.002112	-0.048617	-0.55978	1.1004	-0.53378	0.14843
1.1	-0.3	-1.5	1.1	0.3	-1.5	2.4352e-05	-0.31771	-0.62787	1.1514	-0.51352	0.41731	-0.002641	-0.049195	-0.55477	1.0944	-0.53009	0.14879
1.1	-0.3	-1.5	1.1	0.3	-1.5	2.3339e-05	-0.3195	-0.63229	1.1583	-0.51358	0.41886	-0.0033061	-0.049494	-0.55006	1.0887	-0.52684	0.14884
1.1	-0.3	-1.5	1.1	0.3	-1.5	-3.6755e-05	-0.32092	-0.63637	1.1643	-0.51345	0.42002	-0.0039443	-0.049762	-0.54585	1.0839	-0.52418	0.14883
1.1	-0.3	-1.5	1.1	0.3	-1.5	1.0593e-05	-0.32224	-0.64036	1.1699	-0.51307	0.42114	-0.0044038	-0.049878	-0.5418	1.0794	-0.52205	0.14871
1.1	-0.3	-1.5	1.1	0.3	-1.5	-0.00013747	-0.32328	-0.64386	1.1745	-0.51267	0.42193	-0.0049938	-0.049978	-0.5384	1.0759	-0.5204	0.14857
1.1	-0.3	-1.5	1.1	0.3	-1.5	-0.00014977	-0.32418	-0.64696	1.1784	-0.5121	0.42255	-0.0054419	-0.050078	-0.53533	1.0728	-0.5191	0.14843
1.1	-0.3	-1.5	1.1	0.3	-1.5	-0.00030528	-0.32491	-0.64977	1.1814	-0.51105	0.42309	-0.005943	-0.050026	-0.53245	1.0705	-0.51852	0.14816
1.1	-0.3	-1.5	1.1	0.3	-1.5	-0.00048387	-0.32541	-0.65227	1.1841	-0.50987	0.42334	-0.0064545	-0.050073	-0.52983	1.0688	-0.51808	0.14794
1.1	-0.3	-1.5	1.1	0.3	-1.5	-0.00067417	-0.32573	-0.65424	1.1858	-0.50835	0.42338	-0.0070129	-0.049986	-0.52758	1.0678	-0.51824	0.14759
1.1	-0.3	-1.5	1.1	0.3	-1.5	-0.00097359	-0.32585	-0.65585	1.1868	-0.50658	0.42329	-0.0076057	-0.049876	-0.52557	1.0675	-0.51883	0.14724
1.1	-0.3	-1.5	1.1	0.3	-1.5	-0.0012352	-0.32596	-0.6571	1.1872	-0.50471	0.42281	-0.0081411	-0.049941	-0.52383	1.0676	-0.51972	0.14668
1.1	-0.3	-1.5	1.1	0.3	-1.5	-0.0015661	-0.32613	-0.65812	1.187	-0.50306	0.42209	-0.0085923	-0.050254	-0.52244	1.0679	-0.52096	0.14612
1.1	-0.3	-1.5	1.1	0.3	-1.5	-0.0019341	-0.32651	-0.65906	1.1865	-0.50119	0.42103	-0.0091085	-0.050767	-0.52113	1.0686	-0.52241	0.14521
1.1	-0.3	-1.5	1.1	0.3	-1.5	-0.0023719	-0.327	-0.65997	1.1858	-0.49901	0.41945	-0.0096432	-0.051601	-0.5198	1.0694	-0.52425	0.14395
1.1	-0.3	-1.5	1.1	0.3	-1.5	-0.0026923	-0.32763	-0.66053	1.1846	-0.49685	0.41739	-0.010084	-0.052623	-0.51872	1.0705	-0.526	0.14232
1.1	-0.3	-1.5	1.1	0.3	-1.5	-0.0030746	-0.32845	-0.66095	1.1832	-0.49461	0.41487	-0.010565	-0.054044	-0.51787	1.0719	-0.52791	0.14038
1.1	-0.3	-1.5	1.1	0.3	-1.5	-0.0034614	-0.32963	-0.6612	1.1818	-0.4919	0.41207	-0.011285	-0.055802	-0.51722	1.0741	-0.52957	0.1381
1.1	-0.3	-1.5	1.1	0.3	-1.5	-0.0037857	-0.33105	-0.66107	1.1803	-0.48839	0.40877	-0.012104	-0.05793	-0.51668	1.0769	-0.53099	0.1355
1.1	-0.3	-1.5	1.1	0.3	-1.5	-0.003964	-0.33277	-0.66052	1.1786	-0.48402	0.40537	-0.013138	-0.060314	-0.51634	1.0806	-0.53206	0.13278
1.1	-0.3	-1.5	1.1	0.3	-1.5	-0.0040096	-0.33493	-0.65917	1.1764	-0.47845	0.40202	-0.014384	-0.063145	-0.51652	1.0858	-0.53263	0.13008
1.1	-0.3	-1.5	1.1	0.3	-1.5	-0.0038221	-0.33738	-0.65681	1.1729	-0.47121	0.39942	-0.015868	-0.066402	-0.51724	1.0927	-0.53302	0.1282
1.1	-0.3	-1.5	1.1	0.3	-1.5	-0.003678	-0.33997	-0.65338	1.167	-0.46331	0.39824	-0.017138	-0.069965	-0.51891	1.1009	-0.53448	0.12792
1.1	-0.3	-1.5	1.1	0.3	-1.5	-0.0037146	-0.34247	-0.64944	1.1587	-0.45568	0.39784	-0.017991	-0.073778	-0.52121	1.1095	-0.53773	0.12877
1.1	-0.3	-1.5	1.1	0.3	-1.5	-0.0037602	-0.34504	-0.64507	1.1493	-0.44826	0.3976	-0.018596	-0.077727	-0.52396	1.1184	-0.54165	0.1299
1.1	-0.3	-1.5	1.1	0.3	-1.5	-0.0038747	-0.34768	-0.64043	1.139	-0.44077	0.39732	-0.019109	-0.082055	-0.527	1.1278	-0.54622	0.13125
1.1	-0.3	-1.5	1.1	0.3	-1.5	-0.0039889	-0.35056	-0.63535	1.1279	-0.43283	0.39692	-0.019632	-0.086794	-0.53041	1.138	-0.55126	0.13275
1.1	-0.3	-1.5	1.1	0.3	-1.5	-0.0040163	-0.35375	-0.62975	1.116	-0.42453	0.39692	-0.020153	-0.091639	-0.53425	1.1491	-0.55665	0.13434
1.1	-0.3	-1.5	1.1	0.3	-1.5	-0.0040536	-0.35674	-0.62402	1.1041	-0.4163	0.39638	-0.020533	-0.096839	-0.53817	1.1603	-0.56218	0.13599
1.1	-0.3	-1.5	1.1	0.3	-1.5	-0.0040043	-0.36014	-0.61764	1.091	-0.4077	0.39619	-0.020851	-0.10218	-0.54262	1.1726	-0.56818	0.13776
1.1	-0.3	-1.5	1.1	0.3	-1.5	-0.003899	-0.36383	-0.61073	1.0769	-0.39825	0.39615	-0.021213	-0.1079	-0.54734	1.1861	-0.57483	0.13969
1.1	-0.3	-1.5	1.1	0.3	-1.5	-0.0036986	-0.36736	-0.60362	1.0628	-0.38913	0.39573	-0.021463	-0.11388	-0.55231	1.1997	-0.58159	0.14169
1.1	-0.3	-1.5	1.1	0.3	-1.5	-0.0034681	-0.37125	-0.59588	1.0476	-0.37954	0.39565	-0.021563	-0.11998	-0.55771	1.2144	-0.58891	0.14381
1.1	-0.3	-1.5	1.1	0.3	-1.5	-0.0031371	-0.37512	-0.58774	1.0318	-0.36967	0.39539	-0.021641	-0.12653	-0.56343	1.2298	-0.59666	0.14608
1.1	-0.3	-1.5	1.1	0.3	-1.5	-0.0040768	-0.37424	-0.58776	1.0276	-0.36836	0.39261	-0.021626	-0.12936	-0.56416	1.2301	-0.59874	0.14722
1.1	-0.3	-1.5	1.1	0.3	-1.5	-0.0057787	-0.37324	-0.58845	1.0227	-0.36735	0.39046	-0.02163	-0.13196	-0.56524	1.2289	-0.60013	0.14883
1.1	-0.3	-1.5	1.1	0.3	-1.5	-0.0062587	-0.37333	-0.58817	1.0196	-0.36615	0.39018	-0.022026	-0.13283	-0.56654	1.2284	-0.60002	0.14931
1.1	-0.3	-1.5	1.1	0.3	-1.5	-0.0066524	-0.37338	-0.58814	1.018	-0.36553	0.39028	-0.022169	-0.13325	-0.56714	1.2282	-0.59985	0.14949
1.1	-0.3	-1.5	1.1	0.3	-1.5	-0.0071376	-0.37374	-0.5878	1.0158	-0.36435	0.39006	-0.022222	-0.13355	-0.56794	1.2281	-0.59974	0.14968
1.1	-0.3	-1.5	1.1	0.3	-1.5	-0.0073408	-0.37383	-0.58773	1.0141	-0.36356	0.39023	-0.02252	-0.13388	-0.56852	1.2278	-0.5995	0.1498
1.1	-0.3	-1.5	1.1	0.3	-1.5	-0.0073068	-0.37385	-0.58742	1.0131	-0.36283	0.39015	-0.022664	-0.13404	-0.56892	1.2277	-0.59935	0.14984
1.1	-0.3	-1.5	1.1	0.3	-1.5	-0.0074473	-0.37403	-0.58726	1.0117	-0.36205	0.3901	-0.02282	-0.13418	-0.56933	1.2276	-0.59918	0.1499
1.1	-0.3	-1.5	1.1	0.3	-1.5	-0.0075969	-0.37419	-0.58697	1.0105	-0.36126	0.38999	-0.022842	-0.13427	-0.56971	1.2275	-0.59905	0.14993
1.1	-0.3	-1.5	1.1	0.3	-1.5	-0.0077786	-0.37427	-0.58683	1.009	-0.36043	0.39007	-0.022977	-0.13445	-0.57011	1.2274	-0.5988	0.14995
1.1	-0.3	-1.5	1.1	0.3	-1.5	-0.0081606	-0.37452	-0.58648	1.0069	-0.35914	0.39004	-0.022977	-0.13461	-0.5707	1.2272	-0.59849	0.14995
1.1	-0.3	-1.5	1.1	0.3	-1.5	-0.0085541	-0.37491	-0.5863	1.0047	-0.35795	0.39017	-0.023327	-0.13493	-0.57153	1.2271	-0.59827	0.15013
1.1	-0.3	-1.5	1.1	0.3	-1.5	-0.0087258	-0.37475	-0.58623	1.0047	-0.35793	0.39019	-0.023122	-0.13511	-0.57155	1.227	-0.59828	0.14991
1.1	-0.3	-1.5	1.1	0.3	-1.5	-0.0087258	-0.37475	-0.58623	1.0047	-0.35793	0.39019	-0.023122	-0.13511	-0.57155	1.227	-0.59828	0.14991
1.1	-0.3	-1.5	1.1	0.3	-1.5	-0.008964	-0.37426	-0.59114	1.0108	-0.36329	0.38204	-0.022447	-0.13315	-0.56748	1.2178	-0.59695	0.14061
1.1	-0.3	-1.5	1.1	0.3	-1.5	-0.009019	-0.37288	-0.59735	1.0196	-0.37016	0.371	-0.021532	-0.13094	-0.56207	1.2058	-0.59436	0.12872
1.1	-0.3	-1.5	1.1	0.3	-1.5	-0.0090867	-0.37205	-0.60301	1.0278	-0.37673	0.36001	-0.020616	-0.12902	-0.55731	1.1948	-0.59184	0.11678
1.1	-0.3	-1.5	1.1	0.3	-1.5	-0.009188	-0.37075	-0.60959	1.0362	-0.38355	0.34899	-0.019651	-0.12659	-0.55161	1.1825	-0.59004	0.10467
1.1	-0.3	-1.5	1.1	0.3	-1.5	-0.009134	-0.36929	-0.61554	1.0449	-0.39027	0.33796	-0.018653	-0.12448	-0.54648	1.171	-0.58726	0.092916
1.1	-0.3	-1.5	1.1	0.3	-1.5	-0.0092612	-0.36814	-0.62147	1.0533	-0.39712	0.32703	-0.017686	-0.12251	-0.54171	1.1598	-0.58499	0.081339
1.1	-0.3	-1.5	1.1	0.3	-1.5	-0.0091478	-0.36666	-0.62777	1.0621	-0.4039	0.31598	-0.016643	-0.11996	-0.53625	1.1478	-0.58252	0.069257
1.1	-0.3	-1.5	1.1	0.3	-1.5	-0.0091086	-0.36536	-0.63364	1.0706	-0.41028	0.30491	-0.015672	-0.11799	-0.53131	1.1368	-0.57992	0.057519
1.1	-0.3	-1.5	1.1	0.3	-1.5	-0.0092224	-0.36395	-0.63978	1.0788	-0.4175	0.29408	-0.014629	-0.11597	-0.52654	1.1254	-0.57813	0.046066
1.1	-0.3	-1.5	1.1	0.3	-1.5	-0.0093553	-0.36216	-0.64622	1.0876	-0.42491	0.28315	-0.013391	-0.11362	-0.52141	1.1133	-0.576	0.034551
1.1	-0.3	-1.5	1.1	0.3	-1.5	-0.0093734	-0.36054	-0.65243	1.0968	-0.43193	0.27218	-0.012428	-0.11155	-0.51661	1.102	-0.57325	0.023186
1.1	-0.3	-1.5	1.1	0.3	-1.5	-0.0091899	-0.35799	-0.65856	1.1054	-0.43862	0.26091	-0.011193	-0.10849	-0.51159	1.0905	-0.57075	0.011438
1.1	-0.3	-1.5	1.1	0.3	-1.5	-0.0091956	-0.34758	-0.66357	1.1116	-0.44467	0.24759	-0.0099724	-0.098348	-0.50809	1.0816	-0.56997	-0.0016357
1.1	-0.3	-1.5	1.1	0.3	-1.5	-0.0090973	-0.3332	-0.66789	1.1173	-0.45057	0.23316	-0.0088478	-0.0841	-0.50455	1.0736	-0.56964	-0.015903
1.1	-0.3	-1.5	1.1	0.3	-1.5	-0.008998	-0.31866	-0.67131	1.1223	-0.45634	0.21875	-0.0076173	-0.070347	-0.50142	1.0663	-0.56956	-0.029698
1.1	-0.3	-1.5	1.1	0.3	-1.5	-0.00851	-0.30384	-0.67446	1.1285	-0.46142	0.20406	-0.0067342	-0.055716	-0.49745	1.0591	-0.5683	-0.044145
1.1	-0.3	-1.5	1.1	0.3	-1.5	-0.0082754	-0.28905	-0.67749	1.134	-0.46742	0.18957	-0.0056038	-0.041567	-0.49285	1.0513	-0.56845	-0.057923
1.1	-0.3	-1.5	1.1	0.3	-1.5	-0.0078622	-0.27422	-0.67962	1.1394	-0.47371	0.17511	-0.0045181	-0.027259	-0.48861	1.0441	-0.56839	-0.071849
1.1	-0.3	-1.5	1.1	0.3	-1.5	-0.0075045	-0.25933	-0.68149	1.1447	-0.4797	0.16061	-0.0034995	-0.013373	-0.48427	1.0372	-0.56828	-0.085379
1.1	-0.3	-1.5	1.1	0.3	-1.5	-0.0070593	-0.24443	-0.68347	1.1508	-0.48602	0.14608	-0.0025563	0.00073233	-0.47913	1.0294	-0.56808	-0.099119
1.1	-0.3	-1.5	1.1	0.3	-1.5	-0.0064464	-0.22937	-0.68461	1.1566	-0.49162	0.13127	-0.0017839	0.015491	-0.47366	1.0227	-0.56758	-0.11369
1.1	-0.3	-1.5	1.1	0.3	-1.5	-0.0061664	-0.21449	-0.6856	1.162	-0.49891	0.11694	-0.00068809	0.02948	-0.46822	1.0151	-0.56843	-0.1271
1.1	-0.3	-1.5	1.1	0.3	-1.5	-0.0055226	-0.19966	-0.6859	1.1676	-0.5047	0.10224	3.625e-05	0.043516	-0.46251	1.0086	-0.56823	-0.14094
1.1	-0.3	-1.5	1.1	0.3	-1.5	-0.0055509	-0.18455	-0.68676	1.1732	-0.5118	0.087716	0.00045907	0.057918	-0.45685	1.0007	-0.56842	-0.15484
1.1	-0.3	-1.5	1.1	0.3	-1.5	-0.0055272	-0.16962	-0.68707	1.1792	-0.51796	0.072919	0.00070695	0.07212	-0.45058	0.99355	-0.56806	-0.16891
1.1	-0.3	-1.5	1.1	0.3	-1.5	-0.0053652	-0.15473	-0.68692	1.1847	-0.52515	0.05846	0.0011003	0.08583	-0.44502	0.98625	-0.56793	-0.18231
1.1	-0.3	-1.5	1.1	0.3	-1.5	-0.0053839	-0.13968	-0.68663	1.1901	-0.53197	0.043763	0.0014139	0.10019	-0.43863	0.9788	-0.56819	-0.19622
1.1	-0.3	-1.5	1.1	0.3	-1.5	-0.0052276	-0.12471	-0.68688	1.1968	-0.53855	0.028818	0.0015027	0.11449	-0.43184	0.97108	-0.56736	-0.2105
1.1	-0.3	-1.5	1.1	0.3	-1.5	-0.005239	-0.10964	-0.68607	1.2013	-0.54551	0.01426	0.0018559	0.12822	-0.42589	0.96398	-0.56797	-0.22369
1.1	-0.3	-1.5	1.1	0.3	-1.5	-0.0051349	-0.094589	-0.68572	1.2073	-0.55247	-0.00056702	0.0020094	0.14219	-0.41902	0.956	-0.56755	-0.2375
1.1	-0.3	-1.5	1.1	0.3	-1.5	-0.0050828	-0.079461	-0.68523	1.2133	-0.55972	-0.01544	0.0022688	0.15662	-0.4125	0.94828	-0.56732	-0.25163
1.1	-0.3	-1.5	1.1	0.3	-1.5	-0.0050465	-0.064405	-0.68395	1.2181	-0.56657	-0.030231	0.0025137	0.17031	-0.40614	0.9414	-0.5676	-0.26506
1.1	-0.3	-1.5	1.1	0.3	-1.5	-0.0050039	-0.0492	-0.68312	1.2235	-0.57357	-0.045164	0.002639	0.18431	-0.39935	0.93368	-0.56765	-0.27879
1.1	-0.3	-1.5	1.1	0.3	-1.5	-0.0050514	-0.033916	-0.6822	1.2288	-0.58068	-0.060146	0.0028403	0.1983	-0.39243	0.92582	-0.56762	-0.29253
1.1	-0.3	-1.5	1.1	0.3	-1.5	-0.004943	-0.018608	-0.68149	1.2349	-0.58821	-0.075191	0.0030339	0.21238	-0.38584	0.91762	-0.56686	-0.30635
1.1	-0.3	-1.5	1.1	0.3	-1.5	-0.0050127	-0.0033073	-0.67966	1.2394	-0.59531	-0.090226	0.0032339	0.22643	-0.37881	0.91007	-0.56732	-0.32016
1.1	-0.3	-1.5	1.1	0.3	-1.5	-0.0049211	0.012019	-0.67863	1.245	-0.60197	-0.10554	0.0031473	0.24028	-0.37167	0.90237	-0.5667	-0.33396
1.1	-0.3	-1.5	1.1	0.3	-1.5	-0.0049476	0.027502	-0.67747	1.2508	-0.60908	-0.12098	0.0032133	0.25477	-0.36459	0.89434	-0.56626	-0.34836
1.1	-0.3	-1.5	1.1	0.3	-1.5	-0.0049476	0.027502	-0.67747	1.2508	-0.60908	-0.12098	0.0032133	0.25477	-0.36459	0.89434	-0.56626	-0.34836
1.1	-0.3	-1.5	1.1	0.3	-1.5	-0.0036597	0.027124	-0.67031	1.2462	-0.60886	-0.1216	0.0038678	0.25693	-0.3675	0.89911	-0.56494	-0.35143
1.1	-0.3	-1.5	1.1	0.3	-1.5	-0.0014609	0.03324	-0.64555	1.2185	-0.59667	-0.13045	0.0040011	0.2643	-0.37406	0.92586	-0.57586	-0.3616
1.1	-0.3	-1.5	1.1	0.3	-1.5	8.5879e-05	0.036157	-0.63057	1.2014	-0.59128	-0.13411	0.004817	0.26942	-0.37988	0.94054	-0.58139	-0.36739
1.1	-0.3	-1.5	1.1	0.3	-1.5	0.0010677	0.038885	-0.61622	1.1847	-0.58643	-0.13732	0.0052667	0.27421	-0.38597	0.95431	-0.58652	-0.37265
1.1	-0.3	-1.5	1.1	0.3	-1.5	0.0020385	0.04142	-0.60277	1.169	-0.58215	-0.14019	0.0057972	0.27891	-0.39218	0.96734	-0.59125	-0.3777
1.1	-0.3	-1.5	1.1	0.3	-1.5	0.0028188	0.04119	-0.59669	1.1643	-0.58244	-0.14013	0.0063251	0.28086	-0.39566	0.97123	-0.59034	-0.37985
1.1	-0.3	-1.5	1.1	0.3	-1.5	0.0039476	0.046091	-0.57796	1.1401	-0.57432	-0.14539	0.006804	0.28755	-0.40462	0.99168	-0.59927	-0.38687
1.1	-0.3	-1.5	1.1	0.3	-1.5	0.0058304	0.047262	-0.56604	1.128	-0.56684	-0.14718	0.0068881	0.29093	-0.4108	1.0068	-0.60068	-0.39085
1.1	-0.3	-1.5	1.1	0.3	-1.5	0.0076486	0.047885	-0.55527	1.1165	-0.56009	-0.14792	0.0071656	0.29374	-0.41739	1.0211	-0.60197	-0.39378
1.1	-0.3	-1.5	1.1	0.3	-1.5	0.0094539	0.048303	-0.54528	1.1055	-0.55393	-0.14815	0.0076612	0.29624	-0.42441	1.0349	-0.60342	-0.39607
1.1	-0.3	-1.5	1.1	0.3	-1.5	0.011197	0.048568	-0.53601	1.0951	-0.5485	-0.14805	0.0082642	0.29841	-0.43154	1.0479	-0.60475	-0.39791
1.1	-0.3	-1.5	1.1	0.3	-1.5	0.012844	0.048675	-0.52725	1.0855	-0.5439	-0.1477	0.0089375	0.30044	-0.4387	1.0598	-0.60562	-0.39951
1.1	-0.3	-1.5	1.1	0.3	-1.5	0.014397	0.048878	-0.51921	1.0765	-0.53958	-0.14736	0.0095605	0.30217	-0.44564	1.071	-0.6064	-0.40067
1.1	-0.3	-1.5	1.1	0.3	-1.5	0.01572	0.048948	-0.51202	1.0687	-0.5362	-0.14689	0.010206	0.30391	-0.45207	1.0805	-0.60659	-0.40187
1.1	-0.3	-1.5	1.1	0.3	-1.5	0.017289	0.049308	-0.50464	1.0606	-0.53233	-0.14656	0.010802	0.30569	-0.45901	1.0909	-0.60665	-0.40305
1.1	-0.3	-1.5	1.1	0.3	-1.5	0.018658	0.049555	-0.49795	1.0535	-0.52923	-0.1461	0.011447	0.30723	-0.46551	1.0999	-0.60631	-0.40387
1.1	-0.3	-1.5	1.1	0.3	-1.5	0.019959	0.049702	-0.49179	1.0476	-0.52691	-0.14551	0.012084	0.30867	-0.47152	1.1075	-0.60522	-0.4046
1.1	-0.3	-1.5	1.1	0.3	-1.5	0.021327	0.050052	-0.48591	1.0419	-0.52446	-0.14504	0.012636	0.31009	-0.47754	1.1151	-0.60402	-0.40517
1.1	-0.3	-1.5	1.1	0.3	-1.5	0.022615	0.050335	-0.48063	1.0375	-0.52278	-0.14446	0.013187	0.31127	-0.48291	1.1214	-0.6022	-0.40557
1.1	-0.3	-1.5	1.1	0.3	-1.5	0.023876	0.050705	-0.47565	1.0335	-0.52131	-0.14389	0.013734	0.31244	-0.48808	1.1271	-0.6001	-0.40582
1.1	-0.3	-1.5	1.1	0.3	-1.5	0.025097	0.051048	-0.47105	1.0305	-0.52035	-0.14322	0.014248	0.31347	-0.49276	1.1318	-0.59748	-0.40591
1.1	-0.3	-1.5	1.1	0.3	-1.5	0.026343	0.051547	-0.46667	1.0279	-0.51954	-0.14259	0.014747	0.31447	-0.49728	1.1361	-0.59458	-0.40577
1.1	-0.3	-1.5	1.1	0.3	-1.5	0.02754	0.052007	-0.46273	1.0264	-0.51937	-0.14182	0.015202	0.31526	-0.50107	1.1393	-0.59123	-0.40536
1.1	-0.3	-1.5	1.1	0.3	-1.5	0.02872	0.052422	-0.45891	1.0251	-0.51929	-0.14092	0.015616	0.31611	-0.50473	1.1421	-0.58762	-0.40493
1.1	-0.3	-1.5	1.1	0.3	-1.5	0.029879	0.053025	-0.45536	1.0248	-0.51971	-0.13998	0.016031	0.31677	-0.50781	1.1441	-0.58356	-0.40404
1.1	-0.3	-1.5	1.1	0.3	-1.5	0.031007	0.053568	-0.45205	1.0251	-0.52041	-0.13882	0.0164	0.3174	-0.51042	1.1454	-0.57925	-0.40309
1.1	-0.3	-1.5	1.1	0.3	-1.5	0.032259	0.054359	-0.44878	1.0261	-0.5214	-0.13752	0.016767	0.31811	-0.51281	1.1464	-0.57437	-0.40171
1.1	-0.3	-1.5	1.1	0.3	-1.5	0.033505	0.055282	-0.44584	1.0277	-0.52253	-0.13607	0.017044	0.3188	-0.51467	1.1468	-0.56932	-0.40011
1.1	-0.3	-1.5	1.1	0.3	-1.5	0.034721	0.056627	-0.44321	1.0296	-0.52355	-0.13428	0.017269	0.31983	-0.5164	1.1469	-0.564	-0.39807
1.1	-0.3	-1.5	1.1	0.3	-1.5	0.035984	0.058358	-0.44082	1.0322	-0.52448	-0.13223	0.017493	0.32123	-0.51794	1.1467	-0.55803	-0.39574
1.1	-0.3	-1.5	1.1	0.3	-1.5	0.037395	0.060589	-0.43869	1.0355	-0.52527	-0.13037	0.017594	0.32279	-0.51924	1.1462	-0.5511	-0.39329
1.1	-0.3	-1.5	1.1	0.3	-1.5	0.038718	0.063616	-0.43765	1.0395	-0.52544	-0.12861	0.017593	0.32541	-0.52076	1.1447	-0.54291	-0.39121
1.1	-0.3	-1.5	1.1	0.3	-1.5	0.039732	0.067683	-0.43817	1.044	-0.52566	-0.128	0.017629	0.32873	-0.52259	1.1413	-0.53366	-0.38994
1.1	-0.3	-1.5	1.1	0.3	-1.5	0.040547	0.072397	-0.43996	1.0496	-0.52613	-0.12801	0.017563	0.33273	-0.52434	1.136	-0.52305	-0.38933
1.1	-0.3	-1.5	1.1	0.3	-1.5	0.04119	0.076938	-0.44192	1.0558	-0.52791	-0.1288	0.017581	0.33622	-0.52516	1.1293	-0.51286	-0.3891
1.1	-0.3	-1.5	1.1	0.3	-1.5	0.041261	0.081261	-0.44427	1.0632	-0.53104	-0.12999	0.017216	0.33934	-0.52544	1.1212	-0.50239	-0.38917
1.1	-0.3	-1.5	1.1	0.3	-1.5	0.039804	0.085386	-0.44793	1.0716	-0.53517	-0.1314	0.015678	0.3421	-0.52603	1.1113	-0.49113	-0.38918
1.1	-0.3	-1.5	1.1	0.3	-1.5	0.038336	0.089643	-0.45175	1.0803	-0.53948	-0.13287	0.014233	0.34489	-0.5264	1.1011	-0.47996	-0.38919
1.1	-0.3	-1.5	1.1	0.3	-1.5	0.036662	0.094347	-0.45642	1.09	-0.54386	-0.13431	0.012433	0.34805	-0.52669	1.09	-0.46778	-0.38911
1.1	-0.3	-1.5	1.1	0.3	-1.5	0.034892	0.099396	-0.46152	1.1004	-0.54855	-0.13583	0.010647	0.35145	-0.52665	1.0781	-0.45519	-0.38896
1.1	-0.3	-1.5	1.1	0.3	-1.5	0.033219	0.1047	-0.4667	1.1111	-0.55342	-0.13745	0.0089427	0.35476	-0.52648	1.0662	-0.44277	-0.38863
1.1	-0.3	-1.5	1.1	0.3	-1.5	0.032555	0.10766	-0.46684	1.1141	-0.55606	-0.13876	0.0087757	0.35435	-0.52741	1.0623	-0.43806	-0.38636
1.1	-0.3	-1.5	1.1	0.3	-1.5	0.028788	0.11653	-0.48019	1.1362	-0.56348	-0.14057	0.0043791	0.3629	-0.52548	1.0386	-0.41428	-0.38809
1.1	-0.3	-1.5	1.1	0.3	-1.5	0.028249	0.11979	-0.48028	1.1394	-0.56648	-0.14187	0.0043887	0.36242	-0.52603	1.0344	-0.40985	-0.38549
1.1	-0.3	-1.5	1.1	0.3	-1.5	0.025006	0.12928	-0.49391	1.1637	-0.57611	-0.14465	0.00067075	0.37136	-0.52174	1.0087	-0.38679	-0.38784
1.1	-0.3	-1.5	1.1	0.3	-1.5	0.024464	0.13296	-0.49424	1.1674	-0.57937	-0.14604	0.00070932	0.37086	-0.52205	1.0043	-0.38235	-0.38488
1.1	-0.3	-1.5	1.1	0.3	-1.5	0.021196	0.14369	-0.51036	1.1962	-0.59108	-0.14946	-0.0031474	0.38149	-0.51602	0.97515	-0.35747	-0.38839
1.1	-0.3	-1.5	1.1	0.3	-1.5	0.01987	0.1511	-0.51847	1.2133	-0.59973	-0.15224	-0.0043285	0.38627	-0.51202	0.95729	-0.34326	-0.38856
1.1	-0.3	-1.5	1.1	0.3	-1.5	0.018415	0.15902	-0.52726	1.2314	-0.60865	-0.15516	-0.0056074	0.39143	-0.50817	0.93952	-0.3289	-0.38871
1.1	-0.3	-1.5	1.1	0.3	-1.5	0.018415	0.15902	-0.52726	1.2314	-0.60865	-0.15516	-0.0056074	0.39143	-0.50817	0.93952	-0.3289	-0.38871
1.1	-0.3	-1.5	1.1	0.3	-1.5	0.018415	0.15902	-0.52726	1.2314	-0.60865	-0.15516	-0.0056074	0.39143	-0.50817	0.93952	-0.3289	-0.38871
1.1	-0.3	-1.5	1.1	0.3	-1.5	0.018415	0.15902	-0.52726	1.2314	-0.60865	-0.15516	-0.0056074	0.39143	-0.50817	0.93952	-0.3289	-0.38871
1.1	-0.3	-1.5	1.1	0.3	-1.5	0.018415	0.15902	-0.52726	1.2314	-0.60865	-0.15516	-0.0056074	0.39143	-0.50817	0.93952	-0.3289	-0.38871
1.1	-0.3	-1.5	1.1	0.3	-1.5	0.018415	0.15902	-0.52726	1.2314	-0.60865	-0.15516	-0.0056074	0.39143	-0.50817	0.93952	-0.3289	-0.38871
1.1	-0.3	-1.5	1.1	0.3	-1.5	0.018415	0.15902	-0.52726	1.2314	-0.60865	-0.15516	-0.0056074	0.39143	-0.50817	0.93952	-0.3289	-0.38871
1.1	-0.3	-1.5	1.1	0.3	-1.5	0.018415	0.15902	-0.52726	1.2314	-0.60865	-0.15516	-0.0056074	0.39143	-0.50817	0.93952	-0.3289	-0.38871
1.1	-0.3	-1.5	1.1	0.3	-1.5	0.018415	0.15902	-0.52726	1.2314	-0.60865	-0.15516	-0.0056074	0.39143	-0.50817	0.93952	-0.3289	-0.38871
1.1	-0.3	-1.5	1.1	0.3	-1.5	0.018415	0.15902	-0.52726	1.2314	-0.60865	-0.15516	-0.0056074	0.39143	-0.50817	0.93952	-0.3289	-0.38871
1.1	-0.3	-1.5	1.1	0.3	-1.5	0.018415	0.15902	-0.52726	1.2314	-0.60865	-0.15516	-0.0056074	0.39143	-0.50817	0.93952	-0.3289	-0.38871
1.1	-0.3	-1.5	1.1	0.3	-1.5	0.016833	0.14945	-0.523	1.2132	-0.60352	-0.16192	-0.0050185	0.38266	-0.51499	0.93928	-0.33142	-0.3961
1.1	-0.3	-1.5	1.1	0.3	-1.5	0.017318	0.1482	-0.51998	1.2086	-0.59919	-0.15514	-0.0053481	0.38225	-0.51712	0.94522	-0.33222	-0.3901
1.1	-0.3	-1.5	1.1	0.3	-1.5	0.017086	0.14579	-0.51511	1.1976	-0.59444	-0.14219	-0.0052731	0.38148	-0.52274	0.9541	-0.3371	-0.37889
1.1	-0.3	-1.5	1.1	0.3	-1.5	0.016736	0.14362	-0.51017	1.1857	-0.59239	-0.13031	-0.0045144	0.38042	-0.52893	0.96186	-0.34389	-0.36795
1.1	-0.3	-1.5	1.1	0.3	-1.5	0.016389	0.14087	-0.50466	1.1727	-0.59017	-0.11833	-0.003584	0.37886	-0.53527	0.96996	-0.35122	-0.357
1.1	-0.3	-1.5	1.1	0.3	-1.5	0.016035	0.13837	-0.49936	1.1602	-0.58781	-0.10643	-0.0027279	0.37735	-0.54157	0.97827	-0.35851	-0.34607
1.1	-0.3	-1.5	1.1	0.3	-1.5	0.015723	0.13593	-0.4943	1.1482	-0.58547	-0.094295	-0.0019449	0.37618	-0.54775	0.98656	-0.36552	-0.33517
1.1	-0.3	-1.5	1.1	0.3	-1.5	0.015488	0.13356	-0.48927	1.1364	-0.58249	-0.08249	-0.0013529	0.37473	-0.55369	0.99522	-0.37216	-0.32418
1.1	-0.3	-1.5	1.1	0.3	-1.5	0.015147	0.13137	-0.48423	1.1247	-0.57969	-0.070882	-0.00064002	0.37321	-0.55971	1.0038	-0.37891	-0.31321
1.1	-0.3	-1.5	1.1	0.3	-1.5	0.014783	0.12867	-0.47899	1.1122	-0.57724	-0.059125	0.00013259	0.37139	-0.56599	1.0122	-0.38617	-0.30228
1.1	-0.3	-1.5	1.1	0.3	-1.5	0.014015	0.12596	-0.47368	1.0997	-0.57446	-0.047342	0.00056103	0.36965	-0.5725	1.0214	-0.39348	-0.29137
1.1	-0.3	-1.5	1.1	0.3	-1.5	0.013134	0.12278	-0.4699	1.0885	-0.57259	-0.03618	0.001191	0.3666	-0.57911	1.0289	-0.40046	-0.28021
1.1	-0.3	-1.5	1.1	0.3	-1.5	0.011809	0.11496	-0.46748	1.0769	-0.57031	-0.023279	0.0016664	0.35928	-0.58705	1.0352	-0.40618	-0.26776
1.1	-0.3	-1.5	1.1	0.3	-1.5	0.010444	0.10488	-0.46621	1.0666	-0.56871	-0.010177	0.0023295	0.34921	-0.59495	1.0404	-0.41139	-0.25459
1.1	-0.3	-1.5	1.1	0.3	-1.5	0.0093104	0.093562	-0.46483	1.0569	-0.56712	0.0031559	0.0028081	0.3377	-0.60243	1.0456	-0.41638	-0.24105
1.1	-0.3	-1.5	1.1	0.3	-1.5	0.0080263	0.081541	-0.46342	1.0477	-0.56559	0.016661	0.0032163	0.32547	-0.60909	1.0506	-0.42135	-0.22732
1.1	-0.3	-1.5	1.1	0.3	-1.5	0.0069	0.068498	-0.46141	1.0385	-0.56408	0.030671	0.0035211	0.31249	-0.61553	1.0559	-0.42628	-0.21338
1.1	-0.3	-1.5	1.1	0.3	-1.5	0.0057473	0.055214	-0.45895	1.0297	-0.56198	0.044389	0.0034582	0.29888	-0.62099	1.0615	-0.43088	-0.19927
1.1	-0.3	-1.5	1.1	0.3	-1.5	0.0045026	0.042099	-0.45665	1.0212	-0.56081	0.057758	0.0035406	0.28523	-0.6258	1.0664	-0.43636	-0.18528
1.1	-0.3	-1.5	1.1	0.3	-1.5	0.0034522	0.028346	-0.45354	1.0126	-0.55951	0.071765	0.0035128	0.27115	-0.63027	1.0719	-0.44173	-0.17111
1.1	-0.3	-1.5	1.1	0.3	-1.5	0.0024377	0.015072	-0.44993	1.0046	-0.55886	0.084947	0.0034128	0.25687	-0.63389	1.077	-0.44691	-0.1569
1.1	-0.3	-1.5	1.1	0.3	-1.5	0.0013441	0.0008738	-0.44628	0.9964	-0.55764	0.099056	0.0031064	0.24233	-0.63724	1.0822	-0.45227	-0.14256
1.1	-0.3	-1.5	1.1	0.3	-1.5	0.00038461	-0.013371	-0.44218	0.98844	-0.55684	0.11287	0.0028547	0.22771	-0.64012	1.0875	-0.45783	-0.12819
1.1	-0.3	-1.5	1.1	0.3	-1.5	-0.00071822	-0.026974	-0.43797	0.98033	-0.55683	0.12601	0.002804	0.21316	-0.64253	1.0926	-0.46428	-0.11411
1.1	-0.3	-1.5	1.1	0.3	-1.5	-0.0012617	-0.041277	-0.43356	0.97247	-0.55692	0.13977	0.0031057	0.1984	-0.6443	1.0976	-0.47114	-0.099931
1.1	-0.3	-1.5	1.1	0.3	-1.5	-0.0014651	-0.055886	-0.42807	0.96471	-0.55595	0.15411	0.0031838	0.18363	-0.64572	1.1037	-0.47711	-0.085395
1.1	-0.3	-1.5	1.1	0.3	-1.5	-0.0018428	-0.06933	-0.42285	0.95668	-0.55561	0.16705	0.0033627	0.16893	-0.64722	1.1097	-0.48409	-0.071203
1.1	-0.3	-1.5	1.1	0.3	-1.5	-0.002158	-0.083693	-0.41734	0.94906	-0.55536	0.18111	0.0034661	0.15415	-0.64771	1.1152	-0.49085	-0.056841
1.1	-0.3	-1.5	1.1	0.3	-1.5	-0.0024065	-0.097794	-0.41173	0.94159	-0.55513	0.19495	0.0036207	0.13929	-0.64828	1.1206	-0.49727	-0.042374
1.1	-0.3	-1.5	1.1	0.3	-1.5	-0.0025521	-0.11198	-0.40586	0.93396	-0.55535	0.20846	0.0037499	0.12436	-0.64872	1.1259	-0.50397	-0.02794
1.1	-0.3	-1.5	1.1	0.3	-1.5	-0.0028694	-0.1257	-0.39983	0.92578	-0.55522	0.22165	0.0039389	0.10946	-0.64912	1.1317	-0.51126	-0.01361
1.1	-0.3	-1.5	1.1	0.3	-1.5	-0.0031071	-0.13989	-0.39376	0.91799	-0.55486	0.23542	0.0039927	0.094612	-0.64876	1.1371	-0.51826	0.00085523
1.1	-0.3	-1.5	1.1	0.3	-1.5	-0.003187	-0.15387	-0.38705	0.90987	-0.55464	0.24911	0.0041015	0.079667	-0.64889	1.1432	-0.52547	0.015415
1.1	-0.3	-1.5	1.1	0.3	-1.5	-0.0034561	-0.1682	-0.38047	0.90165	-0.5549	0.26279	0.0043214	0.064616	-0.64846	1.1488	-0.53315	0.029883
1.1	-0.3	-1.5	1.1	0.3	-1.5	-0.0036079	-0.18177	-0.37422	0.89429	-0.55455	0.27621	0.0042979	0.049878	-0.64741	1.1543	-0.54031	0.04441
1.1	-0.3	-1.5	1.1	0.3	-1.5	-0.003665	-0.19593	-0.36715	0.88584	-0.55421	0.2901	0.0045	0.034765	-0.64728	1.1605	-0.54761	0.059181
1.1	-0.3	-1.5	1.1	0.3	-1.5	-0.0037129	-0.2101	-0.36027	0.87801	-0.55413	0.30384	0.0046336	0.019723	-0.64635	1.166	-0.55475	0.073956
1.1	-0.3	-1.5	1.1	0.3	-1.5	-0.0037828	-0.22406	-0.35339	0.86994	-0.55418	0.31746	0.0047381	0.004605	-0.6454	1.1717	-0.56263	0.088613
1.1	-0.3	-1.5	1.1	0.3	-1.5	-0.003853	-0.23755	-0.34648	0.86182	-0.55373	0.33068	0.0049412	-0.010467	-0.64466	1.1778	-0.57	0.10349
1.1	-0.3	-1.5	1.1	0.3	-1.5	-0.0038592	-0.2521	-0.33912	0.85361	-0.55399	0.34486	0.0051122	-0.025669	-0.64294	1.1828	-0.57764	0.11835
1.1	-0.3	-1.5	1.1	0.3	-1.5	-0.0038592	-0.2521	-0.33912	0.85361	-0.55399	0.34486	0.0051122	-0.025669	-0.64294	1.1828	-0.57764	0.11835
1.1	-0.3	-1.5	1.1	0.3	-1.5	-0.0040344	-0.25677	-0.34264	0.86989	-0.55859	0.3524	0.0031397	-0.028258	-0.62564	1.1667	-0.57093	0.12376
1.1	-0.3	-1.5	1.1	0.3	-1.5	-0.004785	-0.25917	-0.3457	0.87497	-0.55813	0.35552	0.0020312	-0.028084	-0.61862	1.1615	-0.5706	0.12423
1.1	-0.3	-1.5	1.1	0.3	-1.5	-0.0053465	-0.26749	-0.35283	0.90131	-0.57004	0.36552	-0.00030683	-0.034737	-0.5936	1.1325	-0.55926	0.13269
1.1	-0.3	-1.5	1.1	0.3	-1.5	-0.005943	-0.2696	-0.35606	0.90526	-0.5693	0.36791	-0.0010515	-0.034491	-0.58744	1.1278	-0.55953	0.13269
1.1	-0.3	-1.5	1.1	0.3	-1.5	-0.0063548	-0.27769	-0.36482	0.92893	-0.58081	0.3765	-0.0023212	-0.040765	-0.56472	1.0991	-0.55014	0.13957
1.1	-0.3	-1.5	1.1	0.3	-1.5	-0.0068003	-0.28235	-0.37076	0.94156	-0.58573	0.38143	-0.0032096	-0.043448	-0.55176	1.0839	-0.54615	0.14251
1.1	-0.3	-1.5	1.1	0.3	-1.5	-0.0071187	-0.28638	-0.37674	0.95614	-0.58876	0.38612	-0.0048038	-0.045299	-0.53914	1.0705	-0.53997	0.14497
1.1	-0.3	-1.5	1.1	0.3	-1.5	-0.007342	-0.28938	-0.38345	0.9728	-0.59073	0.38945	-0.0069872	-0.046133	-0.52682	1.0577	-0.53181	0.14617
1.1	-0.3	-1.5	1.1	0.3	-1.5	-0.0079213	-0.29192	-0.39075	0.98837	-0.59317	0.39187	-0.0089776	-0.046366	-0.51576	1.0453	-0.52492	0.1463
1.1	-0.3	-1.5	1.1	0.3	-1.5	-0.0086892	-0.29404	-0.39826	1.003	-0.59552	0.39364	-0.010895	-0.046544	-0.50557	1.0337	-0.51893	0.14612
1.1	-0.3	-1.5	1.1	0.3	-1.5	-0.0094913	-0.29598	-0.40587	1.0167	-0.59776	0.39521	-0.012679	-0.046521	-0.49605	1.0226	-0.51361	0.14573
1.1	-0.3	-1.5	1.1	0.3	-1.5	-0.010308	-0.29787	-0.41347	1.0296	-0.59949	0.39662	-0.014381	-0.046577	-0.48702	1.0122	-0.50882	0.14528
1.1	-0.3	-1.5	1.1	0.3	-1.5	-0.01101	-0.29966	-0.4207	1.0414	-0.60084	0.39786	-0.015981	-0.046676	-0.47885	1.0027	-0.5045	0.14484
1.1	-0.3	-1.5	1.1	0.3	-1.5	-0.01178	-0.30138	-0.42777	1.0523	-0.60165	0.39899	-0.017485	-0.046844	-0.47121	0.99415	-0.50064	0.14439
1.1	-0.3	-1.5	1.1	0.3	-1.5	-0.012479	-0.30297	-0.43466	1.0624	-0.60186	0.39987	-0.01897	-0.046994	-0.46395	0.98629	-0.4972	0.14386
1.1	-0.3	-1.5	1.1	0.3	-1.5	-0.013145	-0.3045	-0.44131	1.0717	-0.60187	0.40082	-0.020282	-0.047226	-0.45722	0.97892	-0.49403	0.1434
1.1	-0.3	-1.5	1.1	0.3	-1.5	-0.013726	-0.30598	-0.44746	1.0798	-0.60122	0.40147	-0.021604	-0.047487	-0.45113	0.97272	-0.49142	0.14292
1.1	-0.3	-1.5	1.1	0.3	-1.5	-0.014333	-0.30741	-0.45355	1.0875	-0.60008	0.40213	-0.022983	-0.047787	-0.44527	0.96707	-0.48909	0.14238
1.1	-0.3	-1.5	1.1	0.3	-1.5	-0.014952	-0.30871	-0.45936	1.0945	-0.59867	0.40256	-0.02429	-0.048232	-0.43985	0.9621	-0.487	0.14192
1.1	-0.3	-1.5	1.1	0.3	-1.5	-0.015527	-0.3099	-0.46471	1.1005	-0.59664	0.4028	-0.025574	-0.048638	-0.43483	0.95805	-0.48548	0.14136
1.1	-0.3	-1.5	1.1	0.3	-1.5	-0.016078	-0.311	-0.46973	1.1058	-0.59434	0.40291	-0.026839	-0.049121	-0.4302	0.95462	-0.4842	0.14081
1.1	-0.3	-1.5	1.1	0.3	-1.5	-0.016612	-0.31193	-0.47413	1.1099	-0.59142	0.40271	-0.02805	-0.049601	-0.42592	0.95228	-0.48358	0.14014
1.1	-0.3	-1.5	1.1	0.3	-1.5	-0.017079	-0.31288	-0.47842	1.1138	-0.5884	0.40251	-0.029256	-0.050118	-0.4219	0.95008	-0.48295	0.13946
1.1	-0.3	-1.5	1.1	0.3	-1.5	-0.017532	-0.31368	-0.48199	1.1165	-0.58474	0.40195	-0.030448	-0.050601	-0.41816	0.94907	-0.48304	0.13857
1.1	-0.3	-1.5	1.1	0.3	-1.5	-0.017971	-0.31442	-0.48518	1.1187	-0.58074	0.4012	-0.031661	-0.051185	-0.41465	0.94871	-0.48341	0.1376
1.1	-0.3	-1.5	1.1	0.3	-1.5	-0.018352	-0.31508	-0.48798	1.1202	-0.57661	0.40019	-0.032792	-0.051855	-0.4114	0.9488	-0.48394	0.13658
1.1	-0.3	-1.5	1.1	0.3	-1.5	-0.018671	-0.31571	-0.49028	1.1212	-0.57178	0.39874	-0.034022	-0.052627	-0.40817	0.94977	-0.48492	0.13525
1.1	-0.3	-1.5	1.1	0.3	-1.5	-0.018931	-0.31646	-0.49225	1.1216	-0.56688	0.39702	-0.035152	-0.053571	-0.40525	0.95106	-0.48589	0.13372
1.1	-0.3	-1.5	1.1	0.3	-1.5	-0.019141	-0.31733	-0.49399	1.1218	-0.56149	0.39504	-0.03635	-0.054859	-0.40249	0.95287	-0.4869	0.13196
1.1	-0.3	-1.5	1.1	0.3	-1.5	-0.019271	-0.31865	-0.49564	1.1217	-0.55543	0.39249	-0.037613	-0.056625	-0.4	0.9552	-0.4877	0.13001
1.1	-0.3	-1.5	1.1	0.3	-1.5	-0.01937	-0.32042	-0.49692	1.1209	-0.54851	0.39013	-0.03889	-0.058798	-0.398	0.95849	-0.4883	0.1278
1.1	-0.3	-1.5	1.1	0.3	-1.5	-0.019366	-0.32291	-0.49841	1.1196	-0.54052	0.38781	-0.040237	-0.061911	-0.39692	0.96233	-0.48832	0.126
1.1	-0.3	-1.5	1.1	0.3	-1.5	-0.019379	-0.32638	-0.50023	1.116	-0.53093	0.38655	-0.041259	-0.066098	-0.39758	0.96701	-0.48847	0.1254
1.1	-0.3	-1.5	1.1	0.3	-1.5	-0.019432	-0.33021	-0.5018	1.1105	-0.52044	0.38595	-0.04211	-0.070838	-0.39919	0.97256	-0.48924	0.12562
1.1	-0.3	-1.5	1.1	0.3	-1.5	-0.01946	-0.33383	-0.50251	1.1035	-0.51013	0.38588	-0.042741	-0.075397	-0.40116	0.97881	-0.49117	0.12646
1.1	-0.3	-1.5	1.1	0.3	-1.5	-0.018378	-0.33673	-0.50307	1.0946	-0.49949	0.38591	-0.041895	-0.079496	-0.40404	0.98623	-0.49458	0.12767
1.1	-0.3	-1.5	1.1	0.3	-1.5	-0.016887	-0.33969	-0.50376	1.0848	-0.48819	0.38587	-0.04047	-0.08385	-0.40771	0.99429	-0.49839	0.12901
1.1	-0.3	-1.5	1.1	0.3	-1.5	-0.015083	-0.34294	-0.50434	1.0739	-0.47594	0.38567	-0.038708	-0.088586	-0.41209	1.0033	-0.50231	0.1303
1.1	-0.3	-1.5	1.1	0.3	-1.5	-0.013454	-0.3463	-0.50462	1.0628	-0.46388	0.3857	-0.037196	-0.093443	-0.41648	1.0127	-0.50668	0.13181
1.1	-0.3	-1.5	1.1	0.3	-1.5	-0.011658	-0.35006	-0.50436	1.0506	-0.45117	0.38556	-0.035443	-0.098836	-0.42176	1.0231	-0.51118	0.13327
1.1	-0.3	-1.5	1.1	0.3	-1.5	-0.0097394	-0.35435	-0.50381	1.0371	-0.43742	0.38557	-0.033562	-0.10475	-0.42782	1.0348	-0.51617	0.13488
1.1	-0.3	-1.5	1.1	0.3	-1.5	-0.0096256	-0.35393	-0.50479	1.0332	-0.43274	0.38325	-0.032979	-0.10777	-0.42772	1.0376	-0.51886	0.13617
1.1	-0.3	-1.5	1.1	0.3	-1.5	-0.0055781	-0.36263	-0.50275	1.0096	-0.40946	0.38482	-0.029457	-0.11701	-0.44037	1.0586	-0.5262	0.13818
1.1	-0.3	-1.5	1.1	0.3	-1.5	-0.0056388	-0.36226	-0.50323	1.0057	-0.40527	0.38227	-0.028973	-0.12026	-0.44036	1.0617	-0.52898	0.13936
1.1	-0.3	-1.5	1.1	0.3	-1.5	-0.0016327	-0.37263	-0.49846	0.9778	-0.38029	0.38529	-0.025503	-0.13067	-0.45494	1.0872	-0.5388	0.14222
1.1	-0.3	-1.5	1.1	0.3	-1.5	-9.1696e-05	-0.37783	-0.49443	0.96069	-0.36663	0.38549	-0.023955	-0.13823	-0.4624	1.103	-0.54669	0.14475
1.1	-0.3	-1.5	1.1	0.3	-1.5	0.0015045	-0.38333	-0.49076	0.94312	-0.35217	0.38586	-0.02228	-0.14604	-0.47029	1.1197	-0.55505	0.14744
1.1	-0.3	-1.5	1.1	0.3	-1.5	0.0014229	-0.38307	-0.49059	0.93752	-0.34698	0.38231	-0.021927	-0.15057	-0.47148	1.1244	-0.55855	0.14894
1.1	-0.3	-1.5	1.1	0.3	-1.5	0.0013179	-0.38322	-0.49052	0.9304	-0.34018	0.37855	-0.021137	-0.15623	-0.47353	1.1309	-0.56281	0.15086
1.1	-0.3	-1.5	1.1	0.3	-1.5	0.0013179	-0.38322	-0.49052	0.9304	-0.34018	0.37855	-0.021137	-0.15623	-0.47353	1.1309	-0.56281	0.15086
1.1	-0.3	-1.5	1.1	0.3	-1.5	0.0013179	-0.38322	-0.49052	0.9304	-0.34018	0.37855	-0.021137	-0.15623	-0.47353	1.1309	-0.56281	0.15086
1.1	-0.3	-1.5	1.1	0.3	-1.5	0.0013179	-0.38322	-0.49052	0.9304	-0.34018	0.37855	-0.021137	-0.15623	-0.47353	1.1309	-0.56281	0.15086
1.1	-0.3	-1.5	1.1	0.3	-1.5	0.0013179	-0.38322	-0.49052	0.9304	-0.34018	0.37855	-0.021137	-0.15623	-0.47353	1.1309	-0.56281	0.15086
1.1	-0.3	-1.5	1.1	0.3	-1.5	0.0013179	-0.38322	-0.49052	0.9304	-0.34018	0.37855	-0.021137	-0.15623	-0.47353	1.1309	-0.56281	0.15086
1.1	-0.3	-1.5	1.1	0.3	-1.5	0.0013179	-0.38322	-0.49052	0.9304	-0.34018	0.37855	-0.021137	-0.15623	-0.47353	1.1309	-0.56281	0.15086
1.1	-0.3	-1.5	1.1	0.3	-1.5	0.0013179	-0.38322	-0.49052	0.9304	-0.34018	0.37855	-0.021137	-0.15623	-0.47353	1.1309	-0.56281	0.15086
1.1	-0.3	-1.5	1.1	0.3	-1.5	0.0013179	-0.38322	-0.49052	0.9304	-0.34018	0.37855	-0.021137	-0.15623	-0.47353	1.1309	-0.56281	0.15086
1.1	-0.3	-1.5	1.1	0.3	-1.5	0.0013179	-0.38322	-0.49052	0.9304	-0.34018	0.37855	-0.021137	-0.15623	-0.47353	1.1309	-0.56281	0.15086
1.1	-0.3	-1.5	1.1	0.3	-1.5	0.0013179	-0.38322	-0.49052	0.9304	-0.34018	0.37855	-0.021137	-0.15623	-0.47353	1.1309	-0.56281	0.15086
1.1	-0.3	-1.5	1.1	0.3	-1.5	0.0013613	-0.3831	-0.49053	0.93038	-0.34019	0.37867	-0.021181	-0.15634	-0.47352	1.1309	-0.5628	0.15075
1.1	-0.3	-1.5	1.1	0.3	-1.5	0.0013613	-0.3831	-0.49053	0.93038	-0.34019	0.37867	-0.021181	-0.15634	-0.47352	1.1309	-0.5628	0.15075
1.1	-0.3	-1.5	1.1	0.3	-1.5	0.00081651	-0.3819	-0.49518	0.93675	-0.3456	0.37091	-0.021071	-0.15416	-0.46962	1.1216	-0.56095	0.14211
1.1	-0.3	-1.5	1.1	0.3	-1.5	9.1963e-05	-0.38044	-0.50099	0.94545	-0.35223	0.36011	-0.021021	-0.15176	-0.46448	1.1102	-0.55823	0.13048
1.1	-0.3	-1.5	1.1	0.3	-1.5	-0.00061163	-0.37899	-0.50728	0.95375	-0.35933	0.34947	-0.020611	-0.14915	-0.45965	1.0984	-0.55589	0.11885
1.1	-0.3	-1.5	1.1	0.3	-1.5	-0.0011015	-0.37719	-0.51348	0.96192	-0.36652	0.33878	-0.020004	-0.14641	-0.45447	1.0863	-0.55396	0.10725
1.1	-0.3	-1.5	1.1	0.3	-1.5	-0.0012592	-0.37563	-0.51957	0.97074	-0.37267	0.32795	-0.019499	-0.14397	-0.44963	1.0752	-0.5508	0.095737
1.1	-0.3	-1.5	1.1	0.3	-1.5	-0.0018947	-0.37362	-0.52592	0.97927	-0.38032	0.31732	-0.018781	-0.14114	-0.44428	1.0629	-0.54896	0.084232
1.1	-0.3	-1.5	1.1	0.3	-1.5	-0.002206	-0.372	-0.53172	0.98817	-0.38692	0.30659	-0.018378	-0.13859	-0.4395	1.0519	-0.54596	0.072557
1.1	-0.3	-1.5	1.1	0.3	-1.5	-0.0026347	-0.37016	-0.53787	0.99692	-0.39372	0.29585	-0.017931	-0.13597	-0.43481	1.0406	-0.54342	0.061297
1.1	-0.3	-1.5	1.1	0.3	-1.5	-0.0030982	-0.36607	-0.54499	1.0056	-0.40028	0.28463	-0.017267	-0.13191	-0.43092	1.029	-0.54024	0.050042
1.1	-0.3	-1.5	1.1	0.3	-1.5	-0.0038468	-0.35937	-0.55329	1.0116	-0.40583	0.27265	-0.016202	-0.12495	-0.42923	1.0181	-0.53828	0.037916
1.1	-0.3	-1.5	1.1	0.3	-1.5	-0.0045486	-0.35046	-0.5617	1.017	-0.41052	0.26	-0.01501	-0.11594	-0.42823	1.0078	-0.53627	0.025197
1.1	-0.3	-1.5	1.1	0.3	-1.5	-0.0049233	-0.34034	-0.56969	1.0228	-0.41528	0.24708	-0.013846	-0.1059	-0.42723	0.99756	-0.53361	0.012418
1.1	-0.3	-1.5	1.1	0.3	-1.5	-0.005493	-0.32948	-0.57706	1.028	-0.41999	0.23397	-0.01273	-0.095222	-0.42632	0.98837	-0.53167	-0.00040974
1.1	-0.3	-1.5	1.1	0.3	-1.5	-0.0059564	-0.31794	-0.58372	1.033	-0.42484	0.22071	-0.011499	-0.084073	-0.42531	0.97948	-0.52997	-0.013108
1.1	-0.3	-1.5	1.1	0.3	-1.5	-0.0060619	-0.30541	-0.59003	1.0389	-0.42926	0.20719	-0.010609	-0.072042	-0.42335	0.97076	-0.52763	-0.026177
1.1	-0.3	-1.5	1.1	0.3	-1.5	-0.0061133	-0.29263	-0.59566	1.044	-0.43363	0.1936	-0.0095974	-0.060104	-0.42133	0.96238	-0.52611	-0.038936
1.1	-0.3	-1.5	1.1	0.3	-1.5	-0.0060677	-0.27939	-0.60094	1.049	-0.43823	0.17982	-0.0084359	-0.046783	-0.41891	0.95386	-0.52452	-0.052791
1.1	-0.3	-1.5	1.1	0.3	-1.5	-0.0059649	-0.26609	-0.60516	1.0536	-0.44328	0.16618	-0.0071213	-0.033989	-0.41675	0.94585	-0.52326	-0.065952
1.1	-0.3	-1.5	1.1	0.3	-1.5	-0.0059087	-0.25241	-0.60985	1.0596	-0.44859	0.15241	-0.0062403	-0.020992	-0.41359	0.93739	-0.52177	-0.079036
1.1	-0.3	-1.5	1.1	0.3	-1.5	-0.0057022	-0.23849	-0.61352	1.0643	-0.45336	0.13848	-0.0052365	-0.0073688	-0.41075	0.92985	-0.52066	-0.092619
1.1	-0.3	-1.5	1.1	0.3	-1.5	-0.0056087	-0.22465	-0.61661	1.0694	-0.45902	0.1248	-0.0042419	0.0051147	-0.40742	0.92234	-0.52009	-0.10501
1.1	-0.3	-1.5	1.1	0.3	-1.5	-0.005152	-0.21045	-0.61957	1.0751	-0.46449	0.1108	-0.0032008	0.01909	-0.4033	0.91419	-0.51867	-0.11876
1.1	-0.3	-1.5	1.1	0.3	-1.5	-0.0048459	-0.19624	-0.62195	1.0803	-0.47029	0.0969	-0.0022815	0.032725	-0.39908	0.90654	-0.51823	-0.13208
1.1	-0.3	-1.5	1.1	0.3	-1.5	-0.0046435	-0.18203	-0.62392	1.0855	-0.47607	0.083025	-0.0015106	0.045748	-0.39483	0.89947	-0.51797	-0.14474
1.1	-0.3	-1.5	1.1	0.3	-1.5	-0.0041149	-0.16775	-0.62532	1.0908	-0.48207	0.069076	-0.00040791	0.059431	-0.39013	0.89183	-0.51719	-0.15818
1.1	-0.3	-1.5	1.1	0.3	-1.5	-0.0038027	-0.15327	-0.62725	1.0965	-0.48796	0.054986	0.00026763	0.073217	-0.38509	0.88429	-0.51679	-0.1716
1.1	-0.3	-1.5	1.1	0.3	-1.5	-0.0038695	-0.13896	-0.62835	1.1022	-0.49459	0.041075	0.00062333	0.086624	-0.38018	0.87676	-0.5163	-0.18452
1.1	-0.3	-1.5	1.1	0.3	-1.5	-0.0039596	-0.12456	-0.6292	1.1076	-0.50088	0.027059	0.00086883	0.099906	-0.37505	0.86968	-0.51615	-0.19747
1.1	-0.3	-1.5	1.1	0.3	-1.5	-0.0040564	-0.11	-0.62993	1.1131	-0.50725	0.012937	0.001179	0.1137	-0.3698	0.86223	-0.51553	-0.2108
1.1	-0.3	-1.5	1.1	0.3	-1.5	-0.0041459	-0.095472	-0.63059	1.1185	-0.51389	-0.0011523	0.0013884	0.12751	-0.36427	0.85465	-0.51547	-0.22421
1.1	-0.3	-1.5	1.1	0.3	-1.5	-0.0041579	-0.081022	-0.63058	1.1235	-0.5204	-0.015191	0.0016516	0.14062	-0.35902	0.84773	-0.51525	-0.23685
1.1	-0.3	-1.5	1.1	0.3	-1.5	-0.0042992	-0.066342	-0.63145	1.1299	-0.52728	-0.029467	0.0018622	0.15444	-0.35307	0.83961	-0.5147	-0.25027
1.1	-0.3	-1.5	1.1	0.3	-1.5	-0.0043153	-0.051761	-0.63128	1.1356	-0.53418	-0.043715	0.002012	0.16832	-0.347	0.83224	-0.51449	-0.26398
1.1	-0.3	-1.5	1.1	0.3	-1.5	-0.0043614	-0.037206	-0.63119	1.1413	-0.54084	-0.057998	0.0021044	0.18146	-0.341	0.82502	-0.51438	-0.27677
1.1	-0.3	-1.5	1.1	0.3	-1.5	-0.0044571	-0.022556	-0.63059	1.1461	-0.54734	-0.072295	0.002278	0.19486	-0.33517	0.81807	-0.51445	-0.28992
1.1	-0.3	-1.5	1.1	0.3	-1.5	-0.0044589	-0.0077668	-0.63032	1.1521	-0.55478	-0.086652	0.0024504	0.20857	-0.32899	0.81004	-0.51376	-0.30299
1.1	-0.3	-1.5	1.1	0.3	-1.5	-0.004582	0.0069206	-0.62973	1.1577	-0.5615	-0.10119	0.0025186	0.22234	-0.32238	0.80249	-0.51353	-0.31672
1.1	-0.3	-1.5	1.1	0.3	-1.5	-0.0046001	0.021728	-0.6291	1.1633	-0.5686	-0.11572	0.0025401	0.23603	-0.31602	0.79499	-0.51329	-0.33015
1.1	-0.3	-1.5	1.1	0.3	-1.5	-0.0046001	0.021728	-0.6291	1.1633	-0.5686	-0.11572	0.0025401	0.23603	-0.31602	0.79499	-0.51329	-0.33015
1.1	-0.3	-1.5	1.1	0.3	-1.5	-0.0027968	0.025362	-0.61111	1.1452	-0.56149	-0.1216	0.0029258	0.24142	-0.32034	0.81198	-0.51889	-0.33772
1.1	-0.3	-1.5	1.1	0.3	-1.5	-0.0011756	0.028844	-0.59453	1.1268	-0.55533	-0.12621	0.0036678	0.24683	-0.32559	0.82765	-0.52481	-0.34432
1.1	-0.3	-1.5	1.1	0.3	-1.5	0.00043538	0.032538	-0.57841	1.1081	-0.54958	-0.1306	0.0045968	0.25234	-0.33149	0.84295	-0.531	-0.35045
1.1	-0.3	-1.5	1.1	0.3	-1.5	0.0012187	0.032363	-0.57256	1.1036	-0.54984	-0.13063	0.0051516	0.25438	-0.33463	0.84666	-0.53024	-0.35275
1.1	-0.3	-1.5	1.1	0.3	-1.5	0.00258	0.03917	-0.54909	1.0733	-0.53955	-0.13804	0.0058241	0.26279	-0.34388	0.87099	-0.54203	-0.36172
1.1	-0.3	-1.5	1.1	0.3	-1.5	0.0033124	0.038927	-0.54369	1.0693	-0.54007	-0.13792	0.0063631	0.26466	-0.34703	0.87426	-0.54107	-0.36372
1.1	-0.3	-1.5	1.1	0.3	-1.5	0.0059387	0.043849	-0.52231	1.0439	-0.52527	-0.14382	0.0065042	0.2718	-0.3563	0.9018	-0.54838	-0.37176
1.1	-0.3	-1.5	1.1	0.3	-1.5	0.0080253	0.044614	-0.51038	1.0303	-0.51691	-0.14447	0.0069593	0.27427	-0.36362	0.9185	-0.55073	-0.37406
1.1	-0.3	-1.5	1.1	0.3	-1.5	0.010125	0.044461	-0.49925	1.0169	-0.50984	-0.1442	0.0078571	0.27625	-0.37185	0.93469	-0.55374	-0.37601
1.1	-0.3	-1.5	1.1	0.3	-1.5	0.012005	0.044407	-0.48901	1.0042	-0.50371	-0.14379	0.0088948	0.27824	-0.38015	0.94974	-0.55667	-0.37762
1.1	-0.3	-1.5	1.1	0.3	-1.5	0.012664	0.043526	-0.48535	1.0016	-0.50429	-0.14285	0.009237	0.27932	-0.38305	0.9519	-0.55535	-0.37873
1.1	-0.3	-1.5	1.1	0.3	-1.5	0.01346	0.042675	-0.47941	0.99681	-0.50349	-0.14175	0.0098202	0.28074	-0.38754	0.9569	-0.55372	-0.37988
1.1	-0.3	-1.5	1.1	0.3	-1.5	0.01466	0.04204	-0.47416	0.9926	-0.50243	-0.14081	0.010032	0.28208	-0.3917	0.9618	-0.55213	-0.38104
1.1	-0.3	-1.5	1.1	0.3	-1.5	0.017861	0.047269	-0.45441	0.96212	-0.48108	-0.14374	0.010956	0.28755	-0.4107	0.9992	-0.55982	-0.3841
1.1	-0.3	-1.5	1.1	0.3	-1.5	0.019105	0.046783	-0.44746	0.95382	-0.4785	-0.14291	0.011896	0.28847	-0.41784	1.0087	-0.5608	-0.38474
1.1	-0.3	-1.5	1.1	0.3	-1.5	0.019824	0.04609	-0.44411	0.95188	-0.47926	-0.14202	0.012191	0.28913	-0.42073	1.0105	-0.55907	-0.38517
1.1	-0.3	-1.5	1.1	0.3	-1.5	0.021641	0.04724	-0.43432	0.93844	-0.47189	-0.142	0.01315	0.29122	-0.43194	1.0272	-0.56064	-0.38608
1.1	-0.3	-1.5	1.1	0.3	-1.5	0.022961	0.047318	-0.42866	0.93289	-0.46994	-0.14136	0.01386	0.29223	-0.43809	1.0346	-0.5597	-0.38641
1.1	-0.3	-1.5	1.1	0.3	-1.5	0.024143	0.047481	-0.42333	0.92778	-0.46807	-0.14075	0.014559	0.29326	-0.444	1.0414	-0.55849	-0.38672
1.1	-0.3	-1.5	1.1	0.3	-1.5	0.025356	0.047661	-0.41843	0.92357	-0.46666	-0.14008	0.015158	0.2943	-0.44944	1.0473	-0.55671	-0.38693
1.1	-0.3	-1.5	1.1	0.3	-1.5	0.026445	0.048358	-0.41378	0.92058	-0.46573	-0.13967	0.015581	0.29564	-0.45447	1.053	-0.55463	-0.38721
1.1	-0.3	-1.5	1.1	0.3	-1.5	0.027353	0.050001	-0.40955	0.91977	-0.46578	-0.13974	0.015615	0.29786	-0.45885	1.0588	-0.55257	-0.38787
1.1	-0.3	-1.5	1.1	0.3	-1.5	0.028436	0.051099	-0.40575	0.91913	-0.4661	-0.13939	0.015882	0.29951	-0.46288	1.0632	-0.54993	-0.3881
1.1	-0.3	-1.5	1.1	0.3	-1.5	0.029529	0.051913	-0.40209	0.91847	-0.46646	-0.13875	0.016261	0.30062	-0.46662	1.0665	-0.54674	-0.38778
1.1	-0.3	-1.5	1.1	0.3	-1.5	0.030608	0.052425	-0.39869	0.91815	-0.46706	-0.13781	0.016711	0.30124	-0.46972	1.0685	-0.54303	-0.38699
1.1	-0.3	-1.5	1.1	0.3	-1.5	0.031654	0.052888	-0.39539	0.91832	-0.46793	-0.13662	0.01709	0.30177	-0.47237	1.0698	-0.53891	-0.38583
1.1	-0.3	-1.5	1.1	0.3	-1.5	0.032663	0.053533	-0.39224	0.91909	-0.46901	-0.13535	0.01743	0.30213	-0.47453	1.0705	-0.53453	-0.38445
1.1	-0.3	-1.5	1.1	0.3	-1.5	0.033846	0.05447	-0.38933	0.92049	-0.4703	-0.13371	0.01773	0.30291	-0.4765	1.0709	-0.52973	-0.38264
1.1	-0.3	-1.5	1.1	0.3	-1.5	0.034921	0.055786	-0.3866	0.92233	-0.47156	-0.13174	0.018071	0.30388	-0.47824	1.0709	-0.52455	-0.38042
1.1	-0.3	-1.5	1.1	0.3	-1.5	0.036108	0.057432	-0.38418	0.92475	-0.47265	-0.12958	0.018251	0.30517	-0.47968	1.0706	-0.51886	-0.37789
1.1	-0.3	-1.5	1.1	0.3	-1.5	0.037372	0.059423	-0.38196	0.92808	-0.47357	-0.12733	0.018345	0.30667	-0.48069	1.07	-0.5123	-0.37528
1.1	-0.3	-1.5	1.1	0.3	-1.5	0.038716	0.062172	-0.38039	0.93238	-0.4741	-0.12513	0.018317	0.30884	-0.48151	1.0687	-0.50452	-0.37261
1.1	-0.3	-1.5	1.1	0.3	-1.5	0.039717	0.066292	-0.38091	0.93707	-0.47413	-0.12411	0.018286	0.3124	-0.48317	1.0654	-0.49517	-0.37109
1.1	-0.3	-1.5	1.1	0.3	-1.5	0.040509	0.07118	-0.38261	0.9424	-0.47443	-0.12403	0.018253	0.3164	-0.48496	1.0604	-0.48485	-0.37024
1.1	-0.3	-1.5	1.1	0.3	-1.5	0.04092	0.076071	-0.38493	0.94918	-0.4765	-0.1249	0.018117	0.32038	-0.48562	1.0529	-0.47402	-0.37023
1.1	-0.3	-1.5	1.1	0.3	-1.5	0.039725	0.080427	-0.38821	0.95704	-0.48013	-0.12617	0.016782	0.32358	-0.48617	1.0435	-0.46308	-0.37033
1.1	-0.3	-1.5	1.1	0.3	-1.5	0.038179	0.085023	-0.39234	0.96576	-0.48411	-0.12753	0.015159	0.32719	-0.48656	1.033	-0.45146	-0.37074
1.1	-0.3	-1.5	1.1	0.3	-1.5	0.036428	0.090064	-0.3968	0.97498	-0.48821	-0.12892	0.013355	0.33075	-0.48699	1.022	-0.43929	-0.37063
1.1	-0.3	-1.5	1.1	0.3	-1.5	0.034767	0.09532	-0.40155	0.98479	-0.49267	-0.13042	0.011607	0.33452	-0.48689	1.0105	-0.42712	-0.37069
1.1	-0.3	-1.5	1.1	0.3	-1.5	0.032971	0.10107	-0.40702	0.99581	-0.49759	-0.13205	0.0097406	0.3388	-0.48627	0.99769	-0.41411	-0.37088
1.1	-0.3	-1.5	1.1	0.3	-1.5	0.031212	0.10722	-0.4128	1.0075	-0.50293	-0.13383	0.007981	0.34326	-0.48533	0.98436	-0.40111	-0.37094
1.1	-0.3	-1.5	1.1	0.3	-1.5	0.029447	0.11381	-0.41925	1.0202	-0.50863	-0.13571	0.0061705	0.34814	-0.48396	0.97027	-0.38771	-0.37111
1.1	-0.3	-1.5	1.1	0.3	-1.5	0.027559	0.12065	-0.42626	1.034	-0.51482	-0.13771	0.0042375	0.35346	-0.48221	0.95518	-0.37358	-0.37163
1.1	-0.3	-1.5	1.1	0.3	-1.5	0.02573	0.12798	-0.43345	1.0485	-0.52156	-0.13993	0.0024572	0.35882	-0.48	0.93965	-0.35962	-0.37189
1.1	-0.3	-1.5	1.1	0.3	-1.5	0.023922	0.1356	-0.44111	1.0638	-0.52869	-0.14225	0.00055808	0.36439	-0.47733	0.92356	-0.34551	-0.37216
1.1	-0.3	-1.5	1.1	0.3	-1.5	0.021803	0.14363	-0.44951	1.0805	-0.53637	-0.1447	-0.0014866	0.37043	-0.47424	0.90623	-0.33051	-0.37261
1.1	-0.3	-1.5	1.1	0.3	-1.5	0.021469	0.1477	-0.44978	1.084	-0.53957	-0.14619	-0.0010693	0.36993	-0.47486	0.90224	-0.32641	-0.36939
1.1	-0.3	-1.5	1.1	0.3	-1.5	0.017465	0.16019	-0.4688	1.1159	-0.55135	-0.1495	-0.0057743	0.3828	-0.46785	0.86914	-0.29836	-0.37325
1.1	-0.3	-1.5	1.1	0.3	-1.5	0.017274	0.1646	-0.46939	1.1203	-0.55511	-0.15096	-0.005399	0.38244	-0.46763	0.86413	-0.29391	-0.36963
1.1	-0.3	-1.5	1.1	0.3	-1.5	0.017274	0.1646	-0.46939	1.1203	-0.55511	-0.15096	-0.005399	0.38244	-0.46763	0.86413	-0.29391	-0.36963
1.1	-0.3	-1.5	1.1	0.3	-1.5	0.017274	0.1646	-0.46939	1.1203	-0.55511	-0.15096	-0.005399	0.38244	-0.46763	0.86413	-0.29391	-0.36963
1.1	-0.3	-1.5	1.1	0.3	-1.5	0.017274	0.1646	-0.46939	1.1203	-0.55511	-0.15096	-0.005399	0.38244	-0.46763	0.86413	-0.29391	-0.36963
1.1	-0.3	-1.5	1.1	0.3	-1.5	0.017274	0.1646	-0.46939	1.1203	-0.55511	-0.15096	-0.005399	0.38244	-0.46763	0.86413	-0.29391	-0.36963
1.1	-0.3	-1.5	1.1	0.3	-1.5	0.017274	0.1646	-0.46939	1.1203	-0.55511	-0.15096	-0.005399	0.38244	-0.46763	0.86413	-0.29391	-0.36963
1.1	-0.3	-1.5	1.1	0.3	-1.5	0.017274	0.1646	-0.46939	1.1203	-0.55511	-0.15096	-0.005399	0.38244	-0.46763	0.86413	-0.29391	-0.36963
1.1	-0.3	-1.5	1.1	0.3	-1.5	0.017274	0.1646	-0.46939	1.1203	-0.55511	-0.15096	-0.005399	0.38244	-0.46763	0.86413	-0.29391	-0.36963
1.1	-0.3	-1.5	1.1	0.3	-1.5	0.017274	0.1646	-0.46939	1.1203	-0.55511	-0.15096	-0.005399	0.38244	-0.46763	0.86413	-0.29391	-0.36963
1.1	-0.3	-1.5	1.1	0.3	-1.5	0.017274	0.1646	-0.46939	1.1203	-0.55511	-0.15096	-0.005399	0.38244	-0.46763	0.86413	-0.29391	-0.36963
1.1	-0.3	-1.5	1.1	0.3	-1.5	0.017274	0.1646	-0.46939	1.1203	-0.55511	-0.15096	-0.005399	0.38244	-0.46763	0.86413	-0.29391	-0.36963
1.1	-0.3	-1.5	1.1	0.3	-1.5	0.016875	0.15704	-0.46595	1.1107	-0.5495	-0.15969	-0.0056102	0.37584	-0.47185	0.86875	-0.29501	-0.37962
1.1	-0.3	-1.5	1.1	0.3	-1.5	0.016857	0.1551	-0.46254	1.1027	-0.54635	-0.1512	-0.0054346	0.37467	-0.47608	0.87498	-0.29854	-0.37177
1.1	-0.3	-1.5	1.1	0.3	-1.5	0.016763	0.1519	-0.45724	1.0905	-0.54368	-0.13899	-0.0047027	0.37285	-0.48187	0.88267	-0.30506	-0.36096
1.1	-0.3	-1.5	1.1	0.3	-1.5	0.016487	0.14894	-0.4521	1.0779	-0.54076	-0.12763	-0.0039018	0.37065	-0.48847	0.89131	-0.31197	-0.35022
1.1	-0.3	-1.5	1.1	0.3	-1.5	0.016249	0.14601	-0.44714	1.0656	-0.53841	-0.116	-0.0030696	0.36877	-0.49491	0.89958	-0.31891	-0.33956
1.1	-0.3	-1.5	1.1	0.3	-1.5	0.015922	0.14303	-0.44203	1.0532	-0.53579	-0.10469	-0.0022103	0.36666	-0.50134	0.90833	-0.32636	-0.32897
1.1	-0.3	-1.5	1.1	0.3	-1.5	0.015584	0.14046	-0.43733	1.0414	-0.53393	-0.093621	-0.0013541	0.36462	-0.50741	0.91613	-0.33364	-0.31842
1.1	-0.3	-1.5	1.1	0.3	-1.5	0.015341	0.13774	-0.43259	1.03	-0.53122	-0.082347	-0.00067999	0.36269	-0.51337	0.92458	-0.34035	-0.30777
1.1	-0.3	-1.5	1.1	0.3	-1.5	0.015139	0.13459	-0.42735	1.0179	-0.52809	-0.070826	-9.9913e-07	0.36024	-0.51953	0.93346	-0.34703	-0.29696
1.1	-0.3	-1.5	1.1	0.3	-1.5	0.014819	0.13161	-0.42246	1.0059	-0.52578	-0.059652	0.00077843	0.35795	-0.52583	0.94195	-0.35428	-0.28636
1.1	-0.3	-1.5	1.1	0.3	-1.5	0.014207	0.12825	-0.41775	0.99418	-0.52299	-0.048156	0.0011265	0.35528	-0.53225	0.9507	-0.36116	-0.27559
1.1	-0.3	-1.5	1.1	0.3	-1.5	0.013442	0.12435	-0.41448	0.98346	-0.52076	-0.037297	0.0016143	0.35139	-0.53878	0.95802	-0.36749	-0.26457
1.1	-0.3	-1.5	1.1	0.3	-1.5	0.012086	0.11613	-0.41209	0.97157	-0.51847	-0.02524	0.0020827	0.34327	-0.54696	0.96444	-0.37351	-0.25253
1.1	-0.3	-1.5	1.1	0.3	-1.5	0.010793	0.10622	-0.41041	0.96112	-0.51636	-0.012502	0.0023507	0.33343	-0.55467	0.96974	-0.37819	-0.23984
1.1	-0.3	-1.5	1.1	0.3	-1.5	0.0094754	0.095086	-0.40908	0.95098	-0.51434	0.00035686	0.0027554	0.32227	-0.56221	0.97511	-0.38326	-0.2269
1.1	-0.3	-1.5	1.1	0.3	-1.5	0.0083244	0.084823	-0.40747	0.94161	-0.51248	0.012641	0.0030545	0.31155	-0.56883	0.98052	-0.38826	-0.2141
1.1	-0.3	-1.5	1.1	0.3	-1.5	0.0071833	0.073438	-0.40588	0.93303	-0.51168	0.025263	0.0033037	0.29974	-0.57456	0.98488	-0.39338	-0.20106
1.1	-0.3	-1.5	1.1	0.3	-1.5	0.0060497	0.061168	-0.40325	0.92396	-0.50995	0.038206	0.0033544	0.28703	-0.58031	0.99052	-0.39818	-0.18767
1.1	-0.3	-1.5	1.1	0.3	-1.5	0.004851	0.048557	-0.40081	0.9149	-0.50896	0.051365	0.0035798	0.27435	-0.58562	0.99586	-0.40422	-0.17449
1.1	-0.3	-1.5	1.1	0.3	-1.5	0.0038626	0.036203	-0.39805	0.90693	-0.50762	0.063827	0.003486	0.26104	-0.58989	1.0012	-0.40922	-0.16102
1.1	-0.3	-1.5	1.1	0.3	-1.5	0.0027654	0.023244	-0.39507	0.89891	-0.50695	0.07675	0.0033789	0.2474	-0.59373	1.0059	-0.41469	-0.14755
1.1	-0.3	-1.5	1.1	0.3	-1.5	0.0017502	0.0098437	-0.39147	0.89077	-0.50571	0.090034	0.0031037	0.23375	-0.59737	1.0115	-0.41986	-0.13387
1.1	-0.3	-1.5	1.1	0.3	-1.5	0.00062288	-0.0035562	-0.3879	0.88209	-0.50559	0.10304	0.0031496	0.22005	-0.60084	1.0169	-0.42692	-0.12059
1.1	-0.3	-1.5	1.1	0.3	-1.5	2.1729e-05	-0.016683	-0.38362	0.87506	-0.50529	0.11583	0.002962	0.20605	-0.60333	1.0222	-0.43228	-0.10689
1.1	-0.3	-1.5	1.1	0.3	-1.5	-0.001066	-0.030099	-0.37935	0.86721	-0.50446	0.12882	0.0026128	0.19208	-0.60536	1.0278	-0.43868	-0.093341
1.1	-0.3	-1.5	1.1	0.3	-1.5	-0.0013523	-0.04341	-0.3748	0.85995	-0.50436	0.14179	0.0027665	0.178	-0.60681	1.0328	-0.44469	-0.079696
1.1	-0.3	-1.5	1.1	0.3	-1.5	-0.0017316	-0.057228	-0.3694	0.85171	-0.50381	0.15507	0.0030597	0.16378	-0.60879	1.0391	-0.45132	-0.06593
1.1	-0.3	-1.5	1.1	0.3	-1.5	-0.0020535	-0.07073	-0.36459	0.84439	-0.50396	0.16797	0.0031851	0.14961	-0.60995	1.0446	-0.45822	-0.052353
1.1	-0.3	-1.5	1.1	0.3	-1.5	-0.0023131	-0.083792	-0.35941	0.83752	-0.50394	0.18063	0.0032801	0.13549	-0.61058	1.0501	-0.46485	-0.038701
1.1	-0.3	-1.5	1.1	0.3	-1.5	-0.0026262	-0.097132	-0.35401	0.8296	-0.50366	0.19348	0.0034019	0.12126	-0.61152	1.0559	-0.47198	-0.025067
1.1	-0.3	-1.5	1.1	0.3	-1.5	-0.0028163	-0.11064	-0.34829	0.82219	-0.50366	0.20641	0.0034758	0.10706	-0.61188	1.0618	-0.47896	-0.011317
1.1	-0.3	-1.5	1.1	0.3	-1.5	-0.0031384	-0.12437	-0.34226	0.81466	-0.50378	0.2198	0.0037753	0.09272	-0.61219	1.0675	-0.48593	0.0025204
1.1	-0.3	-1.5	1.1	0.3	-1.5	-0.0032727	-0.13765	-0.33641	0.80734	-0.50361	0.23261	0.0037643	0.078567	-0.61215	1.0735	-0.49313	0.016298
1.1	-0.3	-1.5	1.1	0.3	-1.5	-0.0034453	-0.1511	-0.32977	0.79892	-0.50333	0.24564	0.0039635	0.064218	-0.61258	1.0801	-0.50065	0.030188
1.1	-0.3	-1.5	1.1	0.3	-1.5	-0.003487	-0.16434	-0.32378	0.79232	-0.50374	0.25858	0.003991	0.05	-0.61173	1.0851	-0.50747	0.044048
1.1	-0.3	-1.5	1.1	0.3	-1.5	-0.0036964	-0.17807	-0.31724	0.78441	-0.50401	0.27163	0.0042255	0.035555	-0.61144	1.0911	-0.5153	0.057931
1.1	-0.3	-1.5	1.1	0.3	-1.5	-0.0037584	-0.19134	-0.31098	0.77693	-0.50359	0.28484	0.0042848	0.021256	-0.61118	1.0975	-0.52263	0.071983
1.1	-0.3	-1.5	1.1	0.3	-1.5	-0.0037496	-0.20476	-0.304	0.76931	-0.50378	0.29792	0.0044453	0.0068833	-0.61055	1.1037	-0.53018	0.086069
1.1	-0.3	-1.5	1.1	0.3	-1.5	-0.0038078	-0.21787	-0.29763	0.76222	-0.5042	0.31051	0.004594	-0.0074963	-0.60959	1.1093	-0.53768	0.10008
1.1	-0.3	-1.5	1.1	0.3	-1.5	-0.0038046	-0.23158	-0.29055	0.75406	-0.50431	0.32386	0.0047866	-0.022088	-0.60893	1.1157	-0.54587	0.11423
1.1	-0.3	-1.5	1.1	0.3	-1.5	-0.0038046	-0.23158	-0.29055	0.75406	-0.50431	0.32386	0.0047866	-0.022088	-0.60893	1.1157	-0.54587	0.11423
1.1	-0.3	-1.5	1.1	0.3	-1.5	-0.0039674	-0.2367	-0.2937	0.77172	-0.5099	0.33223	0.0028	-0.025411	-0.58995	1.098	-0.53835	0.12078
1.1	-0.3	-1.5	1.1	0.3	-1.5	-0.0046525	-0.24225	-0.2983	0.78825	-0.51625	0.33929	0.0010086	-0.029154	-0.57207	1.0792	-0.53191	0.1261
1.1	-0.3	-1.5	1.1	0.3	-1.5	-0.0054505	-0.24442	-0.30132	0.79201	-0.51551	0.34185	-3.3646e-06	-0.028981	-0.56618	1.075	-0.53235	0.12623
1.1	-0.3	-1.5	1.1	0.3	-1.5	-0.0060257	-0.25352	-0.30937	0.81861	-0.52906	0.35197	-0.0016503	-0.036715	-0.53945	1.042	-0.52103	0.13505
1.1	-0.3	-1.5	1.1	0.3	-1.5	-0.0066152	-0.25547	-0.31236	0.8218	-0.52815	0.35407	-0.0023511	-0.036397	-0.53397	1.038	-0.52161	0.1349
1.1	-0.3	-1.5	1.1	0.3	-1.5	-0.0073044	-0.26312	-0.32131	0.84864	-0.53911	0.36255	-0.0044645	-0.042125	-0.5107	1.0092	-0.50918	0.1416
1.1	-0.3	-1.5	1.1	0.3	-1.5	-0.0077381	-0.26476	-0.32438	0.85242	-0.53797	0.36438	-0.0053666	-0.041393	-0.5056	1.0055	-0.509	0.14103
1.1	-0.3	-1.5	1.1	0.3	-1.5	-0.0082536	-0.27015	-0.33591	0.88617	-0.54529	0.36883	-0.0092689	-0.044921	-0.48297	0.9785	-0.49005	0.1436
1.1	-0.3	-1.5	1.1	0.3	-1.5	-0.0099201	-0.26984	-0.34447	0.90253	-0.5501	0.3695	-0.011608	-0.04278	-0.47241	0.96526	-0.48447	0.14246
1.1	-0.3	-1.5	1.1	0.3	-1.5	-0.01056	-0.27113	-0.34741	0.9038	-0.54829	0.3706	-0.012335	-0.041975	-0.46893	0.96353	-0.48622	0.14154
1.1	-0.3	-1.5	1.1	0.3	-1.5	-0.011818	-0.27381	-0.35992	0.93096	-0.55511	0.37256	-0.015176	-0.043056	-0.45277	0.94136	-0.47272	0.14177
1.1	-0.3	-1.5	1.1	0.3	-1.5	-0.013154	-0.2752	-0.36925	0.94648	-0.55896	0.37358	-0.017197	-0.042764	-0.44267	0.92827	-0.46729	0.14113
1.1	-0.3	-1.5	1.1	0.3	-1.5	-0.014155	-0.27655	-0.37718	0.95907	-0.56109	0.37452	-0.01887	-0.042573	-0.43418	0.91783	-0.46295	0.14047
1.1	-0.3	-1.5	1.1	0.3	-1.5	-0.015068	-0.27798	-0.38483	0.97093	-0.5627	0.37538	-0.02044	-0.042611	-0.42629	0.90824	-0.45871	0.13994
1.1	-0.3	-1.5	1.1	0.3	-1.5	-0.015893	-0.27946	-0.39215	0.98175	-0.56356	0.37622	-0.021919	-0.04274	-0.41897	0.89961	-0.45491	0.13945
1.1	-0.3	-1.5	1.1	0.3	-1.5	-0.016676	-0.28084	-0.39933	0.99194	-0.56394	0.37693	-0.023326	-0.04297	-0.41198	0.89164	-0.45139	0.13897
1.1	-0.3	-1.5	1.1	0.3	-1.5	-0.016992	-0.28139	-0.40174	0.99382	-0.56225	0.37711	-0.024049	-0.042631	-0.4092	0.89043	-0.45178	0.13828
1.1	-0.3	-1.5	1.1	0.3	-1.5	-0.017508	-0.28238	-0.40572	0.99745	-0.55922	0.37741	-0.025178	-0.042275	-0.40446	0.88842	-0.45214	0.13717
1.1	-0.3	-1.5	1.1	0.3	-1.5	-0.01735	-0.28433	-0.41017	1.0045	-0.55711	0.37762	-0.026295	-0.044479	-0.39914	0.88695	-0.45144	0.13774
1.1	-0.3	-1.5	1.1	0.3	-1.5	-0.017236	-0.28626	-0.41355	1.0089	-0.55491	0.37856	-0.026968	-0.045334	-0.39484	0.88629	-0.45201	0.13735
1.1	-0.3	-1.5	1.1	0.3	-1.5	-0.013659	-0.30072	-0.42676	1.0411	-0.56145	0.38704	-0.026356	-0.057124	-0.38428	0.8818	-0.44614	0.14313
1.1	-0.3	-1.5	1.1	0.3	-1.5	-0.01339	-0.3035	-0.43183	1.0485	-0.56046	0.38798	-0.026937	-0.059077	-0.37971	0.88094	-0.44677	0.14319
1.1	-0.3	-1.5	1.1	0.3	-1.5	-0.013716	-0.30502	-0.43599	1.0529	-0.55836	0.38807	-0.02784	-0.060048	-0.37593	0.88029	-0.44772	0.14272
1.1	-0.3	-1.5	1.1	0.3	-1.5	-0.014083	-0.30611	-0.43997	1.0566	-0.55578	0.38765	-0.028815	-0.060984	-0.37231	0.87956	-0.44843	0.14214
1.1	-0.3	-1.5	1.1	0.3	-1.5	-0.014616	-0.30667	-0.44323	1.0586	-0.55273	0.38694	-0.029742	-0.061374	-0.36903	0.87897	-0.4493	0.14119
1.1	-0.3	-1.5	1.1	0.3	-1.5	-0.015103	-0.3071	-0.44627	1.0602	-0.54884	0.38569	-0.030845	-0.06188	-0.36561	0.87883	-0.45038	0.14
1.1	-0.3	-1.5	1.1	0.3	-1.5	-0.015522	-0.30757	-0.44848	1.0608	-0.54486	0.38433	-0.031819	-0.062384	-0.3626	0.87945	-0.45176	0.13864
1.1	-0.3	-1.5	1.1	0.3	-1.5	-0.015923	-0.30815	-0.45061	1.0611	-0.54038	0.38238	-0.03289	-0.063361	-0.35959	0.88056	-0.45326	0.13702
1.1	-0.3	-1.5	1.1	0.3	-1.5	-0.016249	-0.30907	-0.45244	1.0612	-0.53581	0.38021	-0.033911	-0.064494	-0.35697	0.88195	-0.45462	0.13504
1.1	-0.3	-1.5	1.1	0.3	-1.5	-0.016598	-0.31023	-0.45411	1.0609	-0.5304	0.37737	-0.035006	-0.06623	-0.35441	0.8841	-0.45604	0.13273
1.1	-0.3	-1.5	1.1	0.3	-1.5	-0.016779	-0.31173	-0.45545	1.0604	-0.52441	0.37452	-0.036188	-0.068197	-0.35219	0.88686	-0.4571	0.1302
1.1	-0.3	-1.5	1.1	0.3	-1.5	-0.016868	-0.31368	-0.45673	1.0596	-0.51738	0.37156	-0.037426	-0.070784	-0.35049	0.89031	-0.45764	0.12782
1.1	-0.3	-1.5	1.1	0.3	-1.5	-0.016897	-0.31722	-0.45902	1.0573	-0.50813	0.36906	-0.038557	-0.074913	-0.35084	0.89453	-0.45711	0.12579
1.1	-0.3	-1.5	1.1	0.3	-1.5	-0.016689	-0.32125	-0.46169	1.0518	-0.49732	0.36805	-0.038899	-0.07972	-0.35325	0.89955	-0.45725	0.12558
1.1	-0.3	-1.5	1.1	0.3	-1.5	-0.015265	-0.32422	-0.46408	1.044	-0.48644	0.36783	-0.037528	-0.083765	-0.35649	0.90568	-0.45952	0.12644
1.1	-0.3	-1.5	1.1	0.3	-1.5	-0.013447	-0.32735	-0.46587	1.0349	-0.47478	0.36758	-0.03579	-0.088134	-0.36036	0.91303	-0.46233	0.12737
1.1	-0.3	-1.5	1.1	0.3	-1.5	-0.011416	-0.33103	-0.46742	1.0247	-0.46219	0.36745	-0.033921	-0.092941	-0.365	0.92144	-0.46541	0.12834
1.1	-0.3	-1.5	1.1	0.3	-1.5	-0.0098513	-0.33456	-0.46814	1.0144	-0.45058	0.36736	-0.032321	-0.097772	-0.36929	0.92988	-0.469	0.12961
1.1	-0.3	-1.5	1.1	0.3	-1.5	-0.0078765	-0.33896	-0.4684	1.0019	-0.437	0.3674	-0.03049	-0.10363	-0.3749	0.94028	-0.47319	0.13102
1.1	-0.3	-1.5	1.1	0.3	-1.5	-0.0061404	-0.34308	-0.46818	0.98976	-0.42435	0.36723	-0.028807	-0.10932	-0.38013	0.95034	-0.47749	0.1325
1.1	-0.3	-1.5	1.1	0.3	-1.5	-0.0043576	-0.34828	-0.46719	0.97531	-0.41032	0.36768	-0.027031	-0.11594	-0.38658	0.96266	-0.48283	0.1343
1.1	-0.3	-1.5	1.1	0.3	-1.5	-0.0027591	-0.35335	-0.46586	0.96102	-0.39675	0.3679	-0.025392	-0.12272	-0.39292	0.9751	-0.48847	0.13623
1.1	-0.3	-1.5	1.1	0.3	-1.5	-0.0027139	-0.353	-0.46669	0.95738	-0.39254	0.36563	-0.02486	-0.12576	-0.39283	0.97767	-0.491	0.13741
1.1	-0.3	-1.5	1.1	0.3	-1.5	-0.0021967	-0.35383	-0.46727	0.95079	-0.38526	0.36292	-0.023898	-0.1305	-0.39455	0.98311	-0.49446	0.13901
1.1	-0.3	-1.5	1.1	0.3	-1.5	0.0037411	-0.3708	-0.46276	0.91465	-0.35139	0.36848	-0.018984	-0.14537	-0.41735	1.0174	-0.5047	0.14196
1.1	-0.3	-1.5	1.1	0.3	-1.5	0.0044235	-0.37707	-0.45725	0.89591	-0.33777	0.36918	-0.01815	-0.15381	-0.42453	1.0342	-0.51405	0.14485
1.1	-0.3	-1.5	1.1	0.3	-1.5	0.0056098	-0.3832	-0.45269	0.87736	-0.32338	0.36973	-0.016868	-0.16209	-0.43257	1.0511	-0.5226	0.14759
1.1	-0.3	-1.5	1.1	0.3	-1.5	0.0053765	-0.38301	-0.45272	0.87227	-0.31853	0.3664	-0.016635	-0.16647	-0.43327	1.0553	-0.52612	0.14906
1.1	-0.3	-1.5	1.1	0.3	-1.5	0.0051658	-0.38327	-0.45271	0.86577	-0.31229	0.36286	-0.015984	-0.17201	-0.43495	1.0613	-0.53024	0.15091
1.1	-0.3	-1.5	1.1	0.3	-1.5	0.0051658	-0.38327	-0.45271	0.86577	-0.31229	0.36286	-0.015984	-0.17201	-0.43495	1.0613	-0.53024	0.15091
1.1	-0.3	-1.5	1.1	0.3	-1.5	0.0051658	-0.38327	-0.45271	0.86577	-0.31229	0.36286	-0.015984	-0.17201	-0.43495	1.0613	-0.53024	0.15091
1.1	-0.3	-1.5	1.1	0.3	-1.5	0.0051658	-0.38327	-0.45271	0.86577	-0.31229	0.36286	-0.015984	-0.17201	-0.43495	1.0613	-0.53024	0.15091
1.1	-0.3	-1.5	1.1	0.3	-1.5	0.0051658	-0.38327	-0.45271	0.86577	-0.31229	0.36286	-0.015984	-0.17201	-0.43495	1.0613	-0.53024	0.15091
1.1	-0.3	-1.5	1.1	0.3	-1.5	0.0051658	-0.38327	-0.45271	0.86577	-0.31229	0.36286	-0.015984	-0.17201	-0.43495	1.0613	-0.53024	0.15091
1.1	-0.3	-1.5	1.1	0.3	-1.5	0.0051658	-0.38327	-0.45271	0.86577	-0.31229	0.36286	-0.015984	-0.17201	-0.43495	1.0613	-0.53024	0.15091
1.1	-0.3	-1.5	1.1	0.3	-1.5	0.0051658	-0.38327	-0.45271	0.86577	-0.31229	0.36286	-0.015984	-0.17201	-0.43495	1.0613	-0.53024	0.15091
1.1	-0.3	-1.5	1.1	0.3	-1.5	0.0051658	-0.38327	-0.45271	0.86577	-0.31229	0.36286	-0.015984	-0.17201	-0.43495	1.0613	-0.53024	0.15091
1.1	-0.3	-1.5	1.1	0.3	-1.5	0.0051658	-0.38327	-0.45271	0.86577	-0.31229	0.36286	-0.015984	-0.17201	-0.43495	1.0613	-0.53024	0.15091
1.1	-0.3	-1.5	1.1	0.3	-1.5	0.0051658	-0.38327	-0.45271	0.86577	-0.31229	0.36286	-0.015984	-0.17201	-0.43495	1.0613	-0.53024	0.15091
1.1	-0.3	-1.5	1.1	0.3	-1.5	0.0053802	-0.37968	-0.45494	0.86987	-0.31305	0.36973	-0.01624	-0.16766	-0.43284	1.0566	-0.52655	0.1567
1.1	-0.3	-1.5	1.1	0.3	-1.5	0.0051479	-0.37885	-0.45711	0.87298	-0.31526	0.36576	-0.01626	-0.16647	-0.43087	1.0522	-0.52535	0.15237
1.1	-0.3	-1.5	1.1	0.3	-1.5	0.0043777	-0.37707	-0.46297	0.88149	-0.32195	0.35531	-0.01625	-0.16362	-0.42583	1.0408	-0.52269	0.1409
1.1	-0.3	-1.5	1.1	0.3	-1.5	0.0035685	-0.37515	-0.46901	0.8899	-0.32879	0.3449	-0.016165	-0.16076	-0.42099	1.0292	-0.52015	0.12974
1.1	-0.3	-1.5	1.1	0.3	-1.5	0.0027201	-0.37305	-0.47478	0.89772	-0.33608	0.33458	-0.015946	-0.15795	-0.41634	1.0177	-0.5182	0.11873
1.1	-0.3	-1.5	1.1	0.3	-1.5	0.0020367	-0.37067	-0.48059	0.90663	-0.34232	0.32397	-0.016007	-0.15473	-0.41101	1.0062	-0.515	0.10735
1.1	-0.3	-1.5	1.1	0.3	-1.5	0.0013347	-0.36834	-0.48635	0.91433	-0.34879	0.31352	-0.0159	-0.15216	-0.40688	0.99562	-0.51278	0.096752
1.1	-0.3	-1.5	1.1	0.3	-1.5	0.00047767	-0.3658	-0.49273	0.92363	-0.35604	0.30306	-0.015719	-0.1486	-0.40175	0.98353	-0.50985	0.085347
1.1	-0.3	-1.5	1.1	0.3	-1.5	-0.00020597	-0.36363	-0.49842	0.9318	-0.36238	0.29257	-0.015603	-0.14574	-0.39739	0.97295	-0.50734	0.074153
1.1	-0.3	-1.5	1.1	0.3	-1.5	-0.00082181	-0.35951	-0.50567	0.94025	-0.36884	0.28173	-0.015141	-0.14131	-0.39372	0.96159	-0.50449	0.063022
1.1	-0.3	-1.5	1.1	0.3	-1.5	-0.0015983	-0.35373	-0.51346	0.94618	-0.37445	0.27045	-0.014242	-0.13535	-0.3922	0.95117	-0.50259	0.051722
1.1	-0.3	-1.5	1.1	0.3	-1.5	-0.002032	-0.34585	-0.52161	0.95234	-0.37952	0.25857	-0.013234	-0.12745	-0.39058	0.94034	-0.49996	0.039916
1.1	-0.3	-1.5	1.1	0.3	-1.5	-0.0024334	-0.33667	-0.5293	0.95792	-0.38403	0.24632	-0.012051	-0.11829	-0.38972	0.93044	-0.4971	0.027733
1.1	-0.3	-1.5	1.1	0.3	-1.5	-0.0027576	-0.32735	-0.53643	0.96233	-0.38839	0.23402	-0.011067	-0.10915	-0.38881	0.92137	-0.49566	0.015661
1.1	-0.3	-1.5	1.1	0.3	-1.5	-0.0029905	-0.31631	-0.54389	0.9689	-0.39268	0.22124	-0.010027	-0.098107	-0.38705	0.91154	-0.49245	0.0030857
1.1	-0.3	-1.5	1.1	0.3	-1.5	-0.0032846	-0.30554	-0.55005	0.9736	-0.39757	0.2087	-0.0089827	-0.087796	-0.38587	0.90299	-0.49108	-0.0090827
1.1	-0.3	-1.5	1.1	0.3	-1.5	-0.0035166	-0.29401	-0.55608	0.97862	-0.40225	0.19592	-0.0079192	-0.076683	-0.38417	0.89442	-0.48954	-0.021293
1.1	-0.3	-1.5	1.1	0.3	-1.5	-0.0036353	-0.2817	-0.56191	0.98414	-0.40647	0.18284	-0.0069719	-0.064904	-0.3818	0.88597	-0.48781	-0.033917
1.1	-0.3	-1.5	1.1	0.3	-1.5	-0.0036797	-0.26946	-0.56702	0.98921	-0.4118	0.16994	-0.0058594	-0.052563	-0.37986	0.87749	-0.48647	-0.046867
1.1	-0.3	-1.5	1.1	0.3	-1.5	-0.0036433	-0.25679	-0.57148	0.99437	-0.41696	0.15691	-0.0050328	-0.040371	-0.37764	0.86984	-0.4852	-0.059485
1.1	-0.3	-1.5	1.1	0.3	-1.5	-0.0036024	-0.24383	-0.57576	0.99953	-0.4217	0.14381	-0.0041174	-0.028717	-0.37479	0.86217	-0.48416	-0.071343
1.1	-0.3	-1.5	1.1	0.3	-1.5	-0.0033162	-0.23061	-0.57939	1.0043	-0.42658	0.13058	-0.0030105	-0.015896	-0.37191	0.8545	-0.48305	-0.084004
1.1	-0.3	-1.5	1.1	0.3	-1.5	-0.0030493	-0.21733	-0.58277	1.01	-0.43236	0.11742	-0.0020644	-0.0030035	-0.36843	0.84651	-0.48194	-0.09698
1.1	-0.3	-1.5	1.1	0.3	-1.5	-0.0029176	-0.20394	-0.58551	1.0145	-0.43779	0.10429	-0.0012501	0.00935	-0.36518	0.83968	-0.48181	-0.10906
1.1	-0.3	-1.5	1.1	0.3	-1.5	-0.0025736	-0.19034	-0.58761	1.0194	-0.44323	0.091003	-0.00036392	0.022339	-0.36137	0.8327	-0.48139	-0.12176
1.1	-0.3	-1.5	1.1	0.3	-1.5	-0.0022291	-0.17671	-0.5902	1.0252	-0.44894	0.077628	0.00056936	0.035618	-0.35686	0.82492	-0.48048	-0.1347
1.1	-0.3	-1.5	1.1	0.3	-1.5	-0.0022673	-0.16311	-0.5919	1.0305	-0.45497	0.064397	0.00098737	0.048372	-0.35331	0.81799	-0.47966	-0.14708
1.1	-0.3	-1.5	1.1	0.3	-1.5	-0.0024713	-0.14933	-0.59372	1.0362	-0.46081	0.050954	0.0012265	0.061447	-0.34829	0.81057	-0.47923	-0.15992
1.1	-0.3	-1.5	1.1	0.3	-1.5	-0.002625	-0.13552	-0.59526	1.0414	-0.46677	0.037608	0.0015406	0.07427	-0.34397	0.8036	-0.47891	-0.17228
1.1	-0.3	-1.5	1.1	0.3	-1.5	-0.0026296	-0.12177	-0.59615	1.0468	-0.47308	0.024263	0.0017999	0.087237	-0.33927	0.79654	-0.47848	-0.18471
1.1	-0.3	-1.5	1.1	0.3	-1.5	-0.0027345	-0.10797	-0.597	1.0524	-0.47936	0.010832	0.0020459	0.1001	-0.33409	0.78952	-0.47822	-0.19726
1.1	-0.3	-1.5	1.1	0.3	-1.5	-0.0028302	-0.094098	-0.59756	1.0578	-0.48556	-0.0026852	0.002253	0.11333	-0.32877	0.78251	-0.47801	-0.2102
1.1	-0.3	-1.5	1.1	0.3	-1.5	-0.0028583	-0.080152	-0.59807	1.0628	-0.49166	-0.016211	0.0023389	0.1264	-0.32363	0.77592	-0.47812	-0.22288
1.1	-0.3	-1.5	1.1	0.3	-1.5	-0.0029372	-0.066284	-0.59846	1.0686	-0.49854	-0.02966	0.0026394	0.1393	-0.3182	0.76848	-0.47768	-0.2353
1.1	-0.3	-1.5	1.1	0.3	-1.5	-0.0030502	-0.052246	-0.59898	1.0746	-0.50521	-0.043321	0.002774	0.15273	-0.31235	0.76111	-0.47747	-0.24831
1.1	-0.3	-1.5	1.1	0.3	-1.5	-0.0030044	-0.038414	-0.5985	1.0797	-0.51192	-0.056786	0.0029411	0.16536	-0.30709	0.75471	-0.47757	-0.26055
1.1	-0.3	-1.5	1.1	0.3	-1.5	-0.0030851	-0.024382	-0.59845	1.0854	-0.51861	-0.070537	0.0030024	0.17878	-0.301	0.74766	-0.47756	-0.27371
1.1	-0.3	-1.5	1.1	0.3	-1.5	-0.0032179	-0.010364	-0.59835	1.0911	-0.52538	-0.084233	0.0031629	0.19155	-0.29525	0.74073	-0.47753	-0.28628
1.1	-0.3	-1.5	1.1	0.3	-1.5	-0.003236	0.0037555	-0.59789	1.0963	-0.53176	-0.098054	0.00318	0.2047	-0.28961	0.73419	-0.47755	-0.2991
1.1	-0.3	-1.5	1.1	0.3	-1.5	-0.0033605	0.017948	-0.59797	1.1025	-0.53917	-0.11182	0.0033085	0.21767	-0.28365	0.72668	-0.47729	-0.31156
1.1	-0.3	-1.5	1.1	0.3	-1.5	-0.0033605	0.017948	-0.59797	1.1025	-0.53917	-0.11182	0.0033085	0.21767	-0.28365	0.72668	-0.47729	-0.31156
1.1	-0.3	-1.5	1.1	0.3	-1.5	-0.0022484	0.017469	-0.59183	1.0987	-0.53938	-0.11212	0.0039171	0.21953	-0.28607	0.73005	-0.47574	-0.3142
1.1	-0.3	-1.5	1.1	0.3	-1.5	-0.00087023	0.018244	-0.58095	1.0899	-0.53782	-0.11404	0.0048924	0.22298	-0.29016	0.73855	-0.47619	-0.31923
1.1	-0.3	-1.5	1.1	0.3	-1.5	0.0017614	0.030943	-0.5448	1.0452	-0.5188	-0.12929	0.0052007	0.23582	-0.29893	0.77775	-0.49653	-0.33423
1.1	-0.3	-1.5	1.1	0.3	-1.5	0.0024662	0.030733	-0.53934	1.041	-0.51933	-0.12922	0.0058011	0.23774	-0.30196	0.78095	-0.49566	-0.3363
1.1	-0.3	-1.5	1.1	0.3	-1.5	0.0038755	0.038479	-0.51424	1.0076	-0.50851	-0.13737	0.0066775	0.24691	-0.3118	0.80657	-0.50925	-0.34585
1.1	-0.3	-1.5	1.1	0.3	-1.5	0.0046328	0.038117	-0.5091	1.004	-0.50902	-0.13716	0.0072568	0.24862	-0.31482	0.80972	-0.50801	-0.3478
1.1	-0.3	-1.5	1.1	0.3	-1.5	0.0083685	0.042241	-0.48693	0.97856	-0.49085	-0.14154	0.0076969	0.25528	-0.32492	0.84122	-0.51427	-0.35459
1.1	-0.3	-1.5	1.1	0.3	-1.5	0.0081876	0.040472	-0.48231	0.97468	-0.49081	-0.1405	0.0071718	0.25527	-0.32688	0.84245	-0.51246	-0.35526
1.1	-0.3	-1.5	1.1	0.3	-1.5	0.011746	0.042864	-0.46157	0.94646	-0.47371	-0.14118	0.0088193	0.25953	-0.34174	0.87606	-0.52147	-0.3579
1.1	-0.3	-1.5	1.1	0.3	-1.5	0.014186	0.041287	-0.45139	0.93306	-0.46758	-0.14022	0.010611	0.25944	-0.35109	0.89318	-0.52629	-0.35841
1.1	-0.3	-1.5	1.1	0.3	-1.5	0.015975	0.040707	-0.44171	0.92038	-0.46242	-0.13943	0.011849	0.26072	-0.35992	0.90768	-0.52971	-0.35946
1.1	-0.3	-1.5	1.1	0.3	-1.5	0.017177	0.041291	-0.43402	0.91342	-0.4594	-0.13933	0.012219	0.26251	-0.36591	0.91842	-0.53052	-0.36056
1.1	-0.3	-1.5	1.1	0.3	-1.5	0.017735	0.041363	-0.43066	0.91327	-0.46069	-0.13899	0.012165	0.26373	-0.36795	0.92066	-0.5287	-0.36147
1.1	-0.3	-1.5	1.1	0.3	-1.5	0.01756	0.052035	-0.41219	0.90785	-0.45284	-0.14255	0.0071614	0.27816	-0.37675	0.95926	-0.53674	-0.36882
1.1	-0.3	-1.5	1.1	0.3	-1.5	0.017945	0.052814	-0.40893	0.90764	-0.45508	-0.14295	0.0071906	0.27959	-0.37957	0.96196	-0.53561	-0.36995
1.1	-0.3	-1.5	1.1	0.3	-1.5	0.018253	0.053633	-0.4051	0.90737	-0.4572	-0.14306	0.0071596	0.28151	-0.38282	0.9656	-0.53453	-0.37108
1.1	-0.3	-1.5	1.1	0.3	-1.5	0.018631	0.054288	-0.40119	0.90699	-0.45905	-0.14286	0.0070085	0.28297	-0.38594	0.96898	-0.53298	-0.37186
1.1	-0.3	-1.5	1.1	0.3	-1.5	0.018926	0.0544	-0.39908	0.90689	-0.46024	-0.14254	0.0069757	0.2836	-0.38753	0.97002	-0.53159	-0.3719
1.1	-0.3	-1.5	1.1	0.3	-1.5	0.021066	0.065647	-0.38847	0.90355	-0.45531	-0.14609	0.0057006	0.2988	-0.40615	1.0105	-0.54025	-0.37964
1.1	-0.3	-1.5	1.1	0.3	-1.5	0.021205	0.066078	-0.38564	0.90328	-0.45701	-0.14592	0.0060001	0.29958	-0.40885	1.0125	-0.53893	-0.37983
1.1	-0.3	-1.5	1.1	0.3	-1.5	0.01884	0.077915	-0.37583	0.90002	-0.45319	-0.14887	0.00071467	0.31402	-0.42956	1.0572	-0.5518	-0.38554
1.1	-0.3	-1.5	1.1	0.3	-1.5	0.019386	0.079611	-0.37212	0.89988	-0.45531	-0.1491	0.0010014	0.31646	-0.43586	1.066	-0.55287	-0.38667
1.1	-0.3	-1.5	1.1	0.3	-1.5	0.020071	0.080571	-0.36879	0.89965	-0.45725	-0.14885	0.0013451	0.31798	-0.44061	1.0709	-0.55174	-0.387
1.1	-0.3	-1.5	1.1	0.3	-1.5	0.020857	0.081312	-0.36554	0.89925	-0.45887	-0.14828	0.0017991	0.31895	-0.44479	1.0743	-0.54965	-0.38665
1.1	-0.3	-1.5	1.1	0.3	-1.5	0.021774	0.081689	-0.36238	0.89879	-0.46038	-0.14731	0.0023559	0.31945	-0.44818	1.076	-0.54676	-0.38585
1.1	-0.3	-1.5	1.1	0.3	-1.5	0.022711	0.082081	-0.35935	0.89861	-0.46187	-0.14611	0.0029499	0.31988	-0.4511	1.0771	-0.54343	-0.38469
1.1	-0.3	-1.5	1.1	0.3	-1.5	0.023661	0.082839	-0.35639	0.899	-0.46348	-0.14473	0.0035175	0.32035	-0.45368	1.0777	-0.53962	-0.38307
1.1	-0.3	-1.5	1.1	0.3	-1.5	0.024607	0.083743	-0.35356	0.8998	-0.46513	-0.14305	0.003975	0.32099	-0.45595	1.0779	-0.53548	-0.38116
1.1	-0.3	-1.5	1.1	0.3	-1.5	0.025589	0.085063	-0.35104	0.90104	-0.46676	-0.14095	0.0043913	0.32198	-0.45804	1.0778	-0.53106	-0.37877
1.1	-0.3	-1.5	1.1	0.3	-1.5	0.026526	0.086618	-0.34846	0.9026	-0.46808	-0.13844	0.0047385	0.32321	-0.46016	1.0776	-0.52571	-0.37597
1.1	-0.3	-1.5	1.1	0.3	-1.5	0.027577	0.089094	-0.34689	0.90487	-0.4689	-0.13573	0.0050772	0.32513	-0.46248	1.0769	-0.51953	-0.37275
1.1	-0.3	-1.5	1.1	0.3	-1.5	0.028419	0.092303	-0.34684	0.90743	-0.46884	-0.13352	0.0053147	0.32767	-0.46575	1.0754	-0.51191	-0.36998
1.1	-0.3	-1.5	1.1	0.3	-1.5	0.028098	0.096009	-0.34921	0.91139	-0.46881	-0.1321	0.004634	0.33074	-0.46981	1.0712	-0.50181	-0.36794
1.1	-0.3	-1.5	1.1	0.3	-1.5	0.026509	0.099364	-0.35265	0.91641	-0.46988	-0.13196	0.002939	0.3332	-0.47377	1.0648	-0.49085	-0.36691
1.1	-0.3	-1.5	1.1	0.3	-1.5	0.024691	0.10321	-0.35683	0.92258	-0.47131	-0.13195	0.0010726	0.33604	-0.47748	1.0572	-0.47892	-0.36592
1.1	-0.3	-1.5	1.1	0.3	-1.5	0.02302	0.10736	-0.36136	0.92956	-0.47328	-0.13236	-0.00065684	0.33919	-0.48009	1.0485	-0.46705	-0.36535
1.1	-0.3	-1.5	1.1	0.3	-1.5	0.02139	0.11192	-0.36603	0.93735	-0.47594	-0.13318	-0.0022816	0.34247	-0.48214	1.0384	-0.45428	-0.36486
1.1	-0.3	-1.5	1.1	0.3	-1.5	0.01992	0.11689	-0.37104	0.94596	-0.47917	-0.13425	-0.0037676	0.34606	-0.4832	1.0274	-0.44178	-0.36458
1.1	-0.3	-1.5	1.1	0.3	-1.5	0.018401	0.12219	-0.37652	0.95545	-0.48281	-0.13547	-0.0052215	0.35001	-0.48374	1.0153	-0.42868	-0.36445
1.1	-0.3	-1.5	1.1	0.3	-1.5	0.016972	0.12794	-0.38244	0.96594	-0.48705	-0.13691	-0.0066562	0.35429	-0.4835	1.002	-0.41516	-0.36442
1.1	-0.3	-1.5	1.1	0.3	-1.5	0.016751	0.13069	-0.38236	0.96822	-0.48938	-0.13821	-0.0063691	0.35394	-0.48464	0.99846	-0.41094	-0.36255
1.1	-0.3	-1.5	1.1	0.3	-1.5	0.013572	0.14049	-0.39629	0.98904	-0.49551	-0.13978	-0.009968	0.36363	-0.48288	0.97304	-0.38582	-0.36404
1.1	-0.3	-1.5	1.1	0.3	-1.5	0.013464	0.14357	-0.39614	0.99163	-0.49826	-0.14104	-0.0095354	0.36332	-0.48359	0.96934	-0.38188	-0.36181
1.1	-0.3	-1.5	1.1	0.3	-1.5	0.011073	0.15375	-0.40983	1.0141	-0.50654	-0.14357	-0.012462	0.37319	-0.47899	0.9425	-0.35861	-0.3644
1.1	-0.3	-1.5	1.1	0.3	-1.5	0.010962	0.15821	-0.40987	1.0181	-0.51051	-0.14533	-0.011865	0.37289	-0.47934	0.93719	-0.35309	-0.36089
1.1	-0.3	-1.5	1.1	0.3	-1.5	0.0083131	0.17048	-0.42737	1.0472	-0.5215	-0.14864	-0.015042	0.38636	-0.47255	0.90626	-0.32783	-0.36566
1.1	-0.3	-1.5	1.1	0.3	-1.5	0.0082953	0.17488	-0.42792	1.0513	-0.5252	-0.15023	-0.014507	0.38611	-0.47265	0.90139	-0.32327	-0.36248
1.1	-0.3	-1.5	1.1	0.3	-1.5	0.0080304	0.18612	-0.44813	1.0832	-0.53883	-0.15417	-0.014469	0.39733	-0.46514	0.86627	-0.2973	-0.36643
1.1	-0.3	-1.5	1.1	0.3	-1.5	0.0080003	0.19328	-0.4591	1.102	-0.54821	-0.15707	-0.013851	0.40191	-0.46125	0.84534	-0.28178	-0.36675
1.1	-0.3	-1.5	1.1	0.3	-1.5	0.0080003	0.19328	-0.4591	1.102	-0.54821	-0.15707	-0.013851	0.40191	-0.46125	0.84534	-0.28178	-0.36675
1.1	-0.3	-1.5	1.1	0.3	-1.5	0.0080003	0.19328	-0.4591	1.102	-0.54821	-0.15707	-0.013851	0.40191	-0.46125	0.84534	-0.28178	-0.36675
1.1	-0.3	-1.5	1.1	0.3	-1.5	0.0080003	0.19328	-0.4591	1.102	-0.54821	-0.15707	-0.013851	0.40191	-0.46125	0.84534	-0.28178	-0.36675
1.1	-0.3	-1.5	1.1	0.3	-1.5	0.0080003	0.19328	-0.4591	1.102	-0.54821	-0.15707	-0.013851	0.40191	-0.46125	0.84534	-0.28178	-0.36675
1.1	-0.3	-1.5	1.1	0.3	-1.5	0.0080003	0.19328	-0.4591	1.102	-0.54821	-0.15707	-0.013851	0.40191	-0.46125	0.84534	-0.28178	-0.36675
1.1	-0.3	-1.5	1.1	0.3	-1.5	0.0080003	0.19328	-0.4591	1.102	-0.54821	-0.15707	-0.013851	0.40191	-0.46125	0.84534	-0.28178	-0.36675
1.1	-0.3	-1.5	1.1	0.3	-1.5	0.0080003	0.19328	-0.4591	1.102	-0.54821	-0.15707	-0.013851	0.40191	-0.46125	0.84534	-0.28178	-0.36675
1.1	-0.3	-1.5	1.1	0.3	-1.5	0.0080003	0.19328	-0.4591	1.102	-0.54821	-0.15707	-0.013851	0.40191	-0.46125	0.84534	-0.28178	-0.36675
1.1	-0.3	-1.5	1.1	0.3	-1.5	0.0080003	0.19328	-0.4591	1.102	-0.54821	-0.15707	-0.013851	0.40191	-0.46125	0.84534	-0.28178	-0.36675
1.1	-0.3	-1.5	1.1	0.3	-1.5	0.0080003	0.19328	-0.4591	1.102	-0.54821	-0.15707	-0.013851	0.40191	-0.46125	0.84534	-0.28178	-0.36675
1.1	-0.3	-1.5	1.1	0.3	-1.5	0.0082903	0.18424	-0.45495	1.0917	-0.54141	-0.16671	-0.013732	0.39384	-0.46507	0.85013	-0.28229	-0.37739
1.1	-0.3	-1.5	1.1	0.3	-1.5	0.0082801	0.18194	-0.45092	1.0823	-0.53854	-0.15729	-0.013329	0.3923	-0.46959	0.85687	-0.28703	-0.36864
1.1	-0.3	-1.5	1.1	0.3	-1.5	0.0080967	0.17897	-0.44626	1.0708	-0.53564	-0.14564	-0.012665	0.3904	-0.47579	0.86479	-0.29307	-0.35797
1.1	-0.3	-1.5	1.1	0.3	-1.5	0.0078263	0.17602	-0.44114	1.0585	-0.53342	-0.13442	-0.011766	0.3883	-0.48204	0.87264	-0.30001	-0.34749
1.1	-0.3	-1.5	1.1	0.3	-1.5	0.007573	0.17282	-0.43652	1.0464	-0.53092	-0.12291	-0.011005	0.38615	-0.48831	0.88027	-0.30664	-0.33696
1.1	-0.3	-1.5	1.1	0.3	-1.5	0.0072686	0.16957	-0.43145	1.034	-0.52872	-0.11156	-0.010144	0.38394	-0.49467	0.88834	-0.31388	-0.32654
1.1	-0.3	-1.5	1.1	0.3	-1.5	0.0070404	0.16665	-0.42711	1.023	-0.52615	-0.10024	-0.0094724	0.38175	-0.5007	0.89611	-0.31993	-0.31592
1.1	-0.3	-1.5	1.1	0.3	-1.5	0.0066259	0.16284	-0.42261	1.0105	-0.52339	-0.088918	-0.0086548	0.37882	-0.50769	0.90467	-0.32717	-0.30538
1.1	-0.3	-1.5	1.1	0.3	-1.5	0.0060557	0.15815	-0.41993	0.99938	-0.52123	-0.077688	-0.0077133	0.37443	-0.51508	0.91123	-0.33307	-0.29437
1.1	-0.3	-1.5	1.1	0.3	-1.5	0.0053319	0.15133	-0.41799	0.98804	-0.51932	-0.065657	-0.0066857	0.36836	-0.52313	0.91715	-0.33902	-0.28297
1.1	-0.3	-1.5	1.1	0.3	-1.5	0.0046808	0.14338	-0.41653	0.97726	-0.51713	-0.053836	-0.0057075	0.36029	-0.53137	0.92265	-0.34383	-0.27098
1.1	-0.3	-1.5	1.1	0.3	-1.5	0.0038905	0.13446	-0.41508	0.96673	-0.51493	-0.041811	-0.0047593	0.35133	-0.53922	0.9281	-0.34894	-0.25882
1.1	-0.3	-1.5	1.1	0.3	-1.5	0.0031542	0.12408	-0.4145	0.95728	-0.51268	-0.029083	-0.0040824	0.34122	-0.54621	0.93255	-0.35335	-0.24628
1.1	-0.3	-1.5	1.1	0.3	-1.5	0.0023557	0.11341	-0.41274	0.94734	-0.51035	-0.016614	-0.003298	0.33033	-0.55317	0.93813	-0.35828	-0.23362
1.1	-0.3	-1.5	1.1	0.3	-1.5	0.0017027	0.10248	-0.4113	0.93841	-0.50896	-0.0043542	-0.0026372	0.31893	-0.55954	0.94279	-0.36298	-0.22086
1.1	-0.3	-1.5	1.1	0.3	-1.5	0.0010442	0.090636	-0.40963	0.92953	-0.50775	0.0084774	-0.0020481	0.30704	-0.56521	0.94707	-0.36782	-0.20797
1.1	-0.3	-1.5	1.1	0.3	-1.5	0.0003377	0.078321	-0.40737	0.92078	-0.5065	0.021355	-0.0014681	0.29471	-0.57063	0.95228	-0.37318	-0.19501
1.1	-0.3	-1.5	1.1	0.3	-1.5	-0.00035426	0.066157	-0.40485	0.91265	-0.50532	0.03372	-0.00099828	0.28197	-0.57499	0.95718	-0.37853	-0.18199
1.1	-0.3	-1.5	1.1	0.3	-1.5	-0.00033026	0.053532	-0.40195	0.90466	-0.50453	0.046512	-0.00014067	0.26885	-0.57908	0.96211	-0.38368	-0.16881
1.1	-0.3	-1.5	1.1	0.3	-1.5	-0.00026556	0.040547	-0.3989	0.89646	-0.50305	0.059471	0.00074251	0.25559	-0.5822	0.9671	-0.38939	-0.15564
1.1	-0.3	-1.5	1.1	0.3	-1.5	-0.00071847	0.027462	-0.39497	0.88824	-0.50245	0.072261	0.001089	0.2421	-0.58553	0.97226	-0.39495	-0.14238
1.1	-0.3	-1.5	1.1	0.3	-1.5	-0.0011941	0.014239	-0.39097	0.88016	-0.50184	0.085198	0.0013145	0.22855	-0.5882	0.97733	-0.40092	-0.12918
1.1	-0.3	-1.5	1.1	0.3	-1.5	-0.0018017	0.0011226	-0.38699	0.87275	-0.50212	0.09782	0.001675	0.21494	-0.59014	0.98192	-0.40728	-0.11608
1.1	-0.3	-1.5	1.1	0.3	-1.5	-0.0021266	-0.011944	-0.38249	0.86512	-0.5013	0.1105	0.001761	0.20122	-0.59235	0.98771	-0.41324	-0.10276
1.1	-0.3	-1.5	1.1	0.3	-1.5	-0.002473	-0.025312	-0.3774	0.85749	-0.50163	0.12327	0.001954	0.18739	-0.59376	0.99296	-0.41986	-0.089537
1.1	-0.3	-1.5	1.1	0.3	-1.5	-0.0029079	-0.038157	-0.37288	0.85063	-0.50151	0.13559	0.0020894	0.17377	-0.59462	0.9979	-0.4261	-0.07632
1.1	-0.3	-1.5	1.1	0.3	-1.5	-0.0031844	-0.051568	-0.36722	0.8427	-0.50124	0.1486	0.0022298	0.15992	-0.59614	1.0042	-0.43292	-0.062974
1.1	-0.3	-1.5	1.1	0.3	-1.5	-0.0034966	-0.064865	-0.36186	0.83509	-0.50127	0.16131	0.0022989	0.14611	-0.59672	1.0095	-0.43986	-0.049751
1.1	-0.3	-1.5	1.1	0.3	-1.5	-0.0037694	-0.077832	-0.35641	0.82826	-0.50135	0.17382	0.0024026	0.13234	-0.597	1.0149	-0.44635	-0.036408
1.1	-0.3	-1.5	1.1	0.3	-1.5	-0.0040534	-0.091396	-0.35025	0.82014	-0.50116	0.18691	0.002552	0.11845	-0.59749	1.0208	-0.45342	-0.023024
1.1	-0.3	-1.5	1.1	0.3	-1.5	-0.0042099	-0.10441	-0.34462	0.81337	-0.50164	0.19944	0.0025838	0.10463	-0.59738	1.026	-0.46032	-0.0097153
1.1	-0.3	-1.5	1.1	0.3	-1.5	-0.0044812	-0.11776	-0.33849	0.80589	-0.50195	0.21223	0.0027694	0.090715	-0.59737	1.0317	-0.46759	0.0036455
1.1	-0.3	-1.5	1.1	0.3	-1.5	-0.0045654	-0.13094	-0.33226	0.79846	-0.50212	0.22502	0.0028103	0.076825	-0.59739	1.0377	-0.47486	0.017078
1.1	-0.3	-1.5	1.1	0.3	-1.5	-0.0048217	-0.14373	-0.32626	0.79221	-0.50304	0.23742	0.0030011	0.063097	-0.59613	1.0423	-0.48174	0.030424
1.1	-0.3	-1.5	1.1	0.3	-1.5	-0.0048772	-0.15692	-0.31965	0.78424	-0.50279	0.25015	0.0030367	0.049167	-0.59605	1.0487	-0.48936	0.043921
1.1	-0.3	-1.5	1.1	0.3	-1.5	-0.0049608	-0.17017	-0.31329	0.77676	-0.50276	0.26299	0.0031054	0.035253	-0.5956	1.0548	-0.49676	0.057491
1.1	-0.3	-1.5	1.1	0.3	-1.5	-0.0049771	-0.18355	-0.30639	0.76963	-0.50325	0.27614	0.0032819	0.021319	-0.59479	1.0606	-0.50406	0.071148
1.1	-0.3	-1.5	1.1	0.3	-1.5	-0.005061	-0.1964	-0.30017	0.76239	-0.50346	0.28868	0.0033687	0.007364	-0.59396	1.0664	-0.51163	0.084682
1.1	-0.3	-1.5	1.1	0.3	-1.5	-0.0049859	-0.20953	-0.29304	0.75419	-0.50314	0.30132	0.0035254	-0.0067933	-0.59383	1.0731	-0.51938	0.098473
1.1	-0.3	-1.5	1.1	0.3	-1.5	-0.0049828	-0.22246	-0.2865	0.7474	-0.50404	0.3141	0.0037442	-0.020765	-0.59243	1.0782	-0.5265	0.11221
1.1	-0.3	-1.5	1.1	0.3	-1.5	-0.0049828	-0.22246	-0.2865	0.7474	-0.50404	0.3141	0.0037442	-0.020765	-0.59243	1.0782	-0.5265	0.11221
1.1	-0.3	-1.5	1.1	0.3	-1.5	-0.0055798	-0.22435	-0.28865	0.75115	-0.50232	0.31701	0.0025641	-0.019946	-0.58582	1.0746	-0.52667	0.11257
1.1	-0.3	-1.5	1.1	0.3	-1.5	-0.006423	-0.22754	-0.29222	0.76041	-0.50287	0.32251	0.0010753	-0.020474	-0.57439	1.0662	-0.52491	0.1149
1.1	-0.3	-1.5	1.1	0.3	-1.5	-0.0062801	-0.2395	-0.29843	0.80038	-0.52258	0.33782	-0.0019236	-0.031831	-0.53785	1.0252	-0.50625	0.13008
1.1	-0.3	-1.5	1.1	0.3	-1.5	-0.0068753	-0.24137	-0.30146	0.8036	-0.5218	0.33984	-0.002588	-0.031582	-0.53219	1.021	-0.5069	0.12998
1.1	-0.3	-1.5	1.1	0.3	-1.5	-0.0077394	-0.25057	-0.31088	0.82943	-0.5363	0.34938	-0.0038161	-0.039165	-0.50654	0.98774	-0.49721	0.13793
1.1	-0.3	-1.5	1.1	0.3	-1.5	-0.0082458	-0.25237	-0.3138	0.83254	-0.53555	0.35128	-0.0044839	-0.0389	-0.50129	0.98385	-0.49785	0.13778
1.1	-0.3	-1.5	1.1	0.3	-1.5	-0.0088655	-0.25917	-0.32355	0.86564	-0.54407	0.3578	-0.0083214	-0.042942	-0.47797	0.95768	-0.4804	0.14158
1.1	-0.3	-1.5	1.1	0.3	-1.5	-0.0087807	-0.25896	-0.32608	0.86785	-0.5424	0.35911	-0.008409	-0.040527	-0.47293	0.9538	-0.48045	0.14057
1.1	-0.3	-1.5	1.1	0.3	-1.5	-0.010677	-0.26086	-0.33964	0.89976	-0.55164	0.36045	-0.012283	-0.04081	-0.45339	0.92864	-0.46599	0.14034
1.1	-0.3	-1.5	1.1	0.3	-1.5	-0.011152	-0.26172	-0.34224	0.90092	-0.55022	0.36128	-0.012834	-0.040136	-0.45019	0.9268	-0.46746	0.13967
1.1	-0.3	-1.5	1.1	0.3	-1.5	-0.011849	-0.2632	-0.34646	0.90567	-0.54967	0.36283	-0.013677	-0.039016	-0.44483	0.92205	-0.46719	0.13856
1.1	-0.3	-1.5	1.1	0.3	-1.5	-0.013652	-0.26694	-0.36471	0.94609	-0.5604	0.36465	-0.018138	-0.041979	-0.42295	0.89147	-0.4471	0.13972
1.1	-0.3	-1.5	1.1	0.3	-1.5	-0.014972	-0.26763	-0.37341	0.95972	-0.56465	0.3653	-0.019713	-0.041157	-0.41428	0.87957	-0.44321	0.13875
1.1	-0.3	-1.5	1.1	0.3	-1.5	-0.016057	-0.26871	-0.38134	0.97194	-0.56693	0.36587	-0.021223	-0.04089	-0.40627	0.8697	-0.43938	0.13803
1.1	-0.3	-1.5	1.1	0.3	-1.5	-0.016982	-0.27001	-0.38881	0.98298	-0.56822	0.36668	-0.022682	-0.040763	-0.39892	0.86104	-0.43593	0.13735
1.1	-0.3	-1.5	1.1	0.3	-1.5	-0.017694	-0.27094	-0.39319	0.98735	-0.56645	0.36724	-0.02384	-0.040221	-0.39422	0.85806	-0.43599	0.13635
1.1	-0.3	-1.5	1.1	0.3	-1.5	-0.017907	-0.27177	-0.39634	0.99139	-0.56478	0.36727	-0.024702	-0.040658	-0.39034	0.85646	-0.43582	0.13604
1.1	-0.3	-1.5	1.1	0.3	-1.5	-0.017121	-0.27509	-0.40147	1.0024	-0.56402	0.36825	-0.025334	-0.044088	-0.3833	0.85432	-0.43437	0.13725
1.1	-0.3	-1.5	1.1	0.3	-1.5	-0.017051	-0.2772	-0.40435	1.0059	-0.56236	0.36965	-0.025986	-0.044411	-0.37964	0.85413	-0.4357	0.1367
1.1	-0.3	-1.5	1.1	0.3	-1.5	-0.013277	-0.29202	-0.41792	1.0407	-0.56982	0.37784	-0.025603	-0.056078	-0.36765	0.84943	-0.42987	0.14176
1.1	-0.3	-1.5	1.1	0.3	-1.5	-0.013457	-0.29499	-0.42368	1.0503	-0.57027	0.37902	-0.026532	-0.058353	-0.36311	0.84861	-0.43036	0.14202
1.1	-0.3	-1.5	1.1	0.3	-1.5	-0.013844	-0.29711	-0.4286	1.0568	-0.56949	0.37956	-0.027505	-0.059807	-0.35925	0.84792	-0.43118	0.14189
1.1	-0.3	-1.5	1.1	0.3	-1.5	-0.014228	-0.2987	-0.43309	1.0619	-0.56775	0.37965	-0.028471	-0.060949	-0.35551	0.84727	-0.43211	0.1415
1.1	-0.3	-1.5	1.1	0.3	-1.5	-0.014686	-0.29975	-0.43699	1.0653	-0.56526	0.37933	-0.029423	-0.061672	-0.35202	0.84667	-0.43309	0.14079
1.1	-0.3	-1.5	1.1	0.3	-1.5	-0.015211	-0.30028	-0.44038	1.0674	-0.56211	0.3784	-0.030465	-0.062088	-0.34868	0.84606	-0.434	0.13977
1.1	-0.3	-1.5	1.1	0.3	-1.5	-0.015747	-0.30076	-0.44334	1.0689	-0.55845	0.37722	-0.031463	-0.062582	-0.34541	0.84599	-0.43516	0.13857
1.1	-0.3	-1.5	1.1	0.3	-1.5	-0.016195	-0.30121	-0.44578	1.0697	-0.55428	0.37566	-0.032554	-0.063323	-0.34231	0.8466	-0.43651	0.13723
1.1	-0.3	-1.5	1.1	0.3	-1.5	-0.016604	-0.30178	-0.44781	1.07	-0.55	0.37377	-0.033439	-0.064171	-0.33942	0.84752	-0.43792	0.13564
1.1	-0.3	-1.5	1.1	0.3	-1.5	-0.016929	-0.30269	-0.44983	1.07	-0.54508	0.37132	-0.034527	-0.065537	-0.33662	0.84897	-0.43937	0.13355
1.1	-0.3	-1.5	1.1	0.3	-1.5	-0.017266	-0.30391	-0.45151	1.0698	-0.5399	0.3689	-0.035498	-0.066972	-0.33413	0.85083	-0.44059	0.13125
1.1	-0.3	-1.5	1.1	0.3	-1.5	-0.017456	-0.30533	-0.45307	1.0693	-0.53394	0.36588	-0.036644	-0.069206	-0.33202	0.85337	-0.44148	0.12897
1.1	-0.3	-1.5	1.1	0.3	-1.5	-0.01761	-0.30774	-0.45471	1.0683	-0.52641	0.36287	-0.037912	-0.072086	-0.33056	0.85688	-0.44188	0.12638
1.1	-0.3	-1.5	1.1	0.3	-1.5	-0.017674	-0.31133	-0.45738	1.0653	-0.51694	0.36068	-0.038809	-0.076353	-0.33141	0.86085	-0.44146	0.1248
1.1	-0.3	-1.5	1.1	0.3	-1.5	-0.01682	-0.31479	-0.46053	1.0593	-0.50627	0.35983	-0.038247	-0.08072	-0.33424	0.86584	-0.44217	0.12482
1.1	-0.3	-1.5	1.1	0.3	-1.5	-0.015007	-0.3179	-0.4632	1.0511	-0.49464	0.3595	-0.036534	-0.084809	-0.33783	0.87218	-0.44424	0.12546
1.1	-0.3	-1.5	1.1	0.3	-1.5	-0.013155	-0.32105	-0.46525	1.0423	-0.48303	0.35913	-0.034776	-0.089119	-0.34163	0.87915	-0.44674	0.12625
1.1	-0.3	-1.5	1.1	0.3	-1.5	-0.011355	-0.32469	-0.46681	1.0323	-0.47078	0.35905	-0.03304	-0.093876	-0.34595	0.88709	-0.44975	0.12726
1.1	-0.3	-1.5	1.1	0.3	-1.5	-0.0093982	-0.32872	-0.46777	1.0212	-0.45779	0.35886	-0.031179	-0.099109	-0.35089	0.89592	-0.45299	0.12833
1.1	-0.3	-1.5	1.1	0.3	-1.5	-0.0077886	-0.33292	-0.46809	1.0093	-0.44504	0.35869	-0.029527	-0.10497	-0.35598	0.90554	-0.45701	0.12977
1.1	-0.3	-1.5	1.1	0.3	-1.5	-0.0059715	-0.33754	-0.46788	0.99643	-0.43177	0.35865	-0.027809	-0.11101	-0.36159	0.9159	-0.46123	0.13124
1.1	-0.3	-1.5	1.1	0.3	-1.5	-0.004211	-0.34263	-0.46709	0.9823	-0.41777	0.35906	-0.02602	-0.1175	-0.36765	0.92743	-0.46617	0.13294
1.1	-0.3	-1.5	1.1	0.3	-1.5	-0.0030525	-0.34577	-0.46654	0.97231	-0.40806	0.35844	-0.024778	-0.12263	-0.37167	0.93557	-0.46994	0.13431
1.1	-0.3	-1.5	1.1	0.3	-1.5	-0.00050491	-0.35352	-0.46422	0.95203	-0.3891	0.35939	-0.022287	-0.13177	-0.3812	0.95276	-0.47691	0.13664
1.1	-0.3	-1.5	1.1	0.3	-1.5	0.00096411	-0.35952	-0.46142	0.93574	-0.37502	0.36002	-0.020805	-0.1395	-0.38816	0.96695	-0.48378	0.13898
1.1	-0.3	-1.5	1.1	0.3	-1.5	0.00059172	-0.3592	-0.46221	0.93194	-0.37097	0.35733	-0.02057	-0.14311	-0.38815	0.96981	-0.48664	0.14033
1.1	-0.3	-1.5	1.1	0.3	-1.5	0.0048004	-0.37182	-0.45657	0.90065	-0.34356	0.36024	-0.016897	-0.1558	-0.40508	0.99716	-0.49606	0.14321
1.1	-0.3	-1.5	1.1	0.3	-1.5	0.0058499	-0.3784	-0.45146	0.88129	-0.32894	0.36102	-0.015762	-0.16453	-0.41297	1.0142	-0.505	0.14609
1.1	-0.3	-1.5	1.1	0.3	-1.5	0.0054014	-0.3779	-0.45197	0.8774	-0.32515	0.35794	-0.015572	-0.16825	-0.41292	1.0172	-0.508	0.14739
1.1	-0.3	-1.5	1.1	0.3	-1.5	0.005246	-0.37769	-0.4518	0.87178	-0.31993	0.35449	-0.01509	-0.17255	-0.41388	1.0213	-0.51106	0.1488
1.1	-0.3	-1.5	1.1	0.3	-1.5	0.005246	-0.37769	-0.4518	0.87178	-0.31993	0.35449	-0.01509	-0.17255	-0.41388	1.0213	-0.51106	0.1488
1.1	-0.3	-1.5	1.1	0.3	-1.5	0.005246	-0.37769	-0.4518	0.87178	-0.31993	0.35449	-0.01509	-0.17255	-0.41388	1.0213	-0.51106	0.1488
1.1	-0.3	-1.5	1.1	0.3	-1.5	0.005246	-0.37769	-0.4518	0.87178	-0.31993	0.35449	-0.01509	-0.17255	-0.41388	1.0213	-0.51106	0.1488
1.1	-0.3	-1.5	1.1	0.3	-1.5	0.005246	-0.37769	-0.4518	0.87178	-0.31993	0.35449	-0.01509	-0.17255	-0.41388	1.0213	-0.51106	0.1488
1.1	-0.3	-1.5	1.1	0.3	-1.5	0.005246	-0.37769	-0.4518	0.87178	-0.31993	0.35449	-0.01509	-0.17255	-0.41388	1.0213	-0.51106	0.1488
1.1	-0.3	-1.5	1.1	0.3	-1.5	0.005246	-0.37769	-0.4518	0.87178	-0.31993	0.35449	-0.01509	-0.17255	-0.41388	1.0213	-0.51106	0.1488
1.1	-0.3	-1.5	1.1	0.3	-1.5	0.005246	-0.37769	-0.4518	0.87178	-0.31993	0.35449	-0.01509	-0.17255	-0.41388	1.0213	-0.51106	0.1488
1.1	-0.3	-1.5	1.1	0.3	-1.5	0.005246	-0.37769	-0.4518	0.87178	-0.31993	0.35449	-0.01509	-0.17255	-0.41388	1.0213	-0.51106	0.1488
1.1	-0.3	-1.5	1.1	0.3	-1.5	0.005246	-0.37769	-0.4518	0.87178	-0.31993	0.35449	-0.01509	-0.17255	-0.41388	1.0213	-0.51106	0.1488
1.1	-0.3	-1.5	1.1	0.3	-1.5	0.005246	-0.37769	-0.4518	0.87178	-0.31993	0.35449	-0.01509	-0.17255	-0.41388	1.0213	-0.51106	0.1488
